0 0 0 
0 0 63 
0 0 127 
0 0 191 
0 0 255 
0 0 319 
0 0 383 
0 0 447 
0 0 511 
0 0 575 
0 0 639 
0 0 703 
0 0 767 
0 0 831 
0 0 895 
0 0 959 
0 0 1023 
0 63 0 
0 63 63 
0 63 127 
0 63 191 
0 63 255 
0 63 319 
0 63 383 
0 63 447 
0 63 511 
0 63 575 
0 63 639 
0 63 703 
0 63 767 
0 63 831 
0 63 895 
0 63 959 
0 63 1023 
0 127 0 
0 127 63 
0 127 127 
0 127 191 
0 127 255 
0 127 319 
0 127 383 
0 127 447 
0 127 511 
0 127 575 
0 127 639 
0 127 703 
0 127 767 
0 127 831 
0 127 895 
0 127 959 
0 127 1023 
0 191 0 
0 191 63 
0 191 127 
0 191 191 
0 191 255 
0 191 319 
0 191 383 
0 191 447 
0 191 511 
0 191 575 
0 191 639 
0 191 703 
0 191 767 
0 191 831 
0 191 895 
0 191 959 
0 191 1023 
0 255 0 
0 255 63 
0 255 127 
0 255 191 
0 255 255 
0 255 319 
0 255 383 
0 255 447 
0 255 511 
0 255 575 
0 255 639 
0 255 703 
0 255 767 
0 255 831 
0 255 895 
0 255 959 
0 255 1023 
0 319 0 
0 319 63 
0 319 127 
0 319 191 
0 319 255 
0 319 319 
0 319 383 
0 319 447 
0 319 511 
0 319 575 
0 319 639 
0 319 703 
0 319 767 
0 319 831 
0 319 895 
0 319 959 
0 319 1023 
0 383 0 
0 383 63 
0 383 127 
0 383 191 
0 383 255 
0 383 319 
0 383 383 
0 383 447 
0 383 511 
0 383 575 
0 383 639 
0 383 703 
0 383 767 
0 383 831 
0 383 895 
0 383 959 
0 383 1023 
0 447 0 
0 447 63 
0 447 127 
0 447 191 
0 447 255 
0 447 319 
0 447 383 
0 447 447 
0 447 511 
0 447 575 
0 447 639 
0 447 703 
0 447 767 
0 447 831 
0 447 895 
0 447 959 
0 447 1023 
0 511 0 
0 511 63 
0 511 127 
0 511 191 
0 511 255 
0 511 319 
0 511 383 
0 511 447 
0 511 511 
0 511 575 
0 511 639 
0 511 703 
0 511 767 
0 511 831 
0 511 895 
0 511 959 
0 511 1023 
0 575 0 
0 575 63 
0 575 127 
0 575 191 
0 575 255 
0 575 319 
0 575 383 
0 575 447 
0 575 511 
0 575 575 
0 575 639 
0 575 703 
0 575 767 
0 575 831 
0 575 895 
0 575 959 
0 575 1023 
0 639 0 
0 639 63 
0 639 127 
0 639 191 
0 639 255 
0 639 319 
0 639 383 
0 639 447 
0 639 511 
0 639 575 
0 639 639 
0 639 703 
0 639 767 
0 639 831 
0 639 895 
0 639 959 
0 639 1023 
0 703 0 
0 703 63 
0 703 127 
0 703 191 
0 703 255 
0 703 319 
0 703 383 
0 703 447 
0 703 511 
0 703 575 
0 703 639 
0 703 703 
0 703 767 
0 703 831 
0 703 895 
0 703 959 
0 703 1023 
0 767 0 
0 767 63 
0 767 127 
0 767 191 
0 767 255 
0 767 319 
0 767 383 
0 767 447 
0 767 511 
0 767 575 
0 767 639 
0 767 703 
0 767 767 
0 767 831 
0 767 895 
0 767 959 
0 767 1023 
0 831 0 
0 831 63 
0 831 127 
0 831 191 
0 831 255 
0 831 319 
0 831 383 
0 831 447 
0 831 511 
0 831 575 
0 831 639 
0 831 703 
0 831 767 
0 831 831 
0 831 895 
0 831 959 
0 831 1023 
0 895 0 
0 895 63 
0 895 127 
0 895 191 
0 895 255 
0 895 319 
0 895 383 
0 895 447 
0 895 511 
0 895 575 
0 895 639 
0 895 703 
0 895 767 
0 895 831 
0 895 895 
0 895 959 
0 895 1023 
0 959 0 
0 959 63 
0 959 127 
0 959 191 
0 959 255 
0 959 319 
0 959 383 
0 959 447 
0 959 511 
0 959 575 
0 959 639 
0 959 703 
0 959 767 
0 959 831 
0 959 895 
0 959 959 
0 959 1023 
0 1023 0 
0 1023 63 
0 1023 127 
0 1023 191 
0 1023 255 
0 1023 319 
0 1023 383 
0 1023 447 
0 1023 511 
0 1023 575 
0 1023 639 
0 1023 703 
0 1023 767 
0 1023 831 
0 1023 895 
0 1023 959 
0 1023 1023 
63 0 0 
63 0 63 
63 0 127 
63 0 191 
63 0 255 
63 0 319 
63 0 383 
63 0 447 
63 0 511 
63 0 575 
63 0 639 
63 0 703 
63 0 767 
63 0 831 
63 0 895 
63 0 959 
63 0 1023 
63 63 0 
63 63 63 
63 63 127 
63 63 191 
63 63 255 
63 63 319 
63 63 383 
63 63 447 
63 63 511 
63 63 575 
63 63 639 
63 63 703 
63 63 767 
63 63 831 
63 63 895 
63 63 959 
63 63 1023 
63 127 0 
63 127 63 
63 127 127 
63 127 191 
63 127 255 
63 127 319 
63 127 383 
63 127 447 
63 127 511 
63 127 575 
63 127 639 
63 127 703 
63 127 767 
63 127 831 
63 127 895 
63 127 959 
63 127 1023 
63 191 0 
63 191 63 
63 191 127 
63 191 191 
63 191 255 
63 191 319 
63 191 383 
63 191 447 
63 191 511 
63 191 575 
63 191 639 
63 191 703 
63 191 767 
63 191 831 
63 191 895 
63 191 959 
63 191 1023 
63 255 0 
63 255 63 
63 255 127 
63 255 191 
63 255 255 
63 255 319 
63 255 383 
63 255 447 
63 255 511 
63 255 575 
63 255 639 
63 255 703 
63 255 767 
63 255 831 
63 255 895 
63 255 959 
63 255 1023 
63 319 0 
63 319 63 
63 319 127 
63 319 191 
63 319 255 
63 319 319 
63 319 383 
63 319 447 
63 319 511 
63 319 575 
63 319 639 
63 319 703 
63 319 767 
63 319 831 
63 319 895 
63 319 959 
63 319 1023 
63 383 0 
63 383 63 
63 383 127 
63 383 191 
63 383 255 
63 383 319 
63 383 383 
63 383 447 
63 383 511 
63 383 575 
63 383 639 
63 383 703 
63 383 767 
63 383 831 
63 383 895 
63 383 959 
63 383 1023 
63 447 0 
63 447 63 
63 447 127 
63 447 191 
63 447 255 
63 447 319 
63 447 383 
63 447 447 
63 447 511 
63 447 575 
63 447 639 
63 447 703 
63 447 767 
63 447 831 
63 447 895 
63 447 959 
63 447 1023 
63 511 0 
63 511 63 
63 511 127 
63 511 191 
63 511 255 
63 511 319 
63 511 383 
63 511 447 
63 511 511 
63 511 575 
63 511 639 
63 511 703 
63 511 767 
63 511 831 
63 511 895 
63 511 959 
63 511 1023 
63 575 0 
63 575 63 
63 575 127 
63 575 191 
63 575 255 
63 575 319 
63 575 383 
63 575 447 
63 575 511 
63 575 575 
63 575 639 
63 575 703 
63 575 767 
63 575 831 
63 575 895 
63 575 959 
63 575 1023 
63 639 0 
63 639 63 
63 639 127 
63 639 191 
63 639 255 
63 639 319 
63 639 383 
63 639 447 
63 639 511 
63 639 575 
63 639 639 
63 639 703 
63 639 767 
63 639 831 
63 639 895 
63 639 959 
63 639 1023 
63 703 0 
63 703 63 
63 703 127 
63 703 191 
63 703 255 
63 703 319 
63 703 383 
63 703 447 
63 703 511 
63 703 575 
63 703 639 
63 703 703 
63 703 767 
63 703 831 
63 703 895 
63 703 959 
63 703 1023 
63 767 0 
63 767 63 
63 767 127 
63 767 191 
63 767 255 
63 767 319 
63 767 383 
63 767 447 
63 767 511 
63 767 575 
63 767 639 
63 767 703 
63 767 767 
63 767 831 
63 767 895 
63 767 959 
63 767 1023 
63 831 0 
63 831 63 
63 831 127 
63 831 191 
63 831 255 
63 831 319 
63 831 383 
63 831 447 
63 831 511 
63 831 575 
63 831 639 
63 831 703 
63 831 767 
63 831 831 
63 831 895 
63 831 959 
63 831 1023 
63 895 0 
63 895 63 
63 895 127 
63 895 191 
63 895 255 
63 895 319 
63 895 383 
63 895 447 
63 895 511 
63 895 575 
63 895 639 
63 895 703 
63 895 767 
63 895 831 
63 895 895 
63 895 959 
63 895 1023 
63 959 0 
63 959 63 
63 959 127 
63 959 191 
63 959 255 
63 959 319 
63 959 383 
63 959 447 
63 959 511 
63 959 575 
63 959 639 
63 959 703 
63 959 767 
63 959 831 
63 959 895 
63 959 959 
63 959 1023 
63 1023 0 
63 1023 63 
63 1023 127 
63 1023 191 
63 1023 255 
63 1023 319 
63 1023 383 
63 1023 447 
63 1023 511 
63 1023 575 
63 1023 639 
63 1023 703 
63 1023 767 
63 1023 831 
63 1023 895 
63 1023 959 
63 1023 1023 
127 0 0 
127 0 63 
127 0 127 
127 0 191 
127 0 255 
127 0 319 
127 0 383 
127 0 447 
127 0 511 
127 0 575 
127 0 639 
127 0 703 
127 0 767 
127 0 831 
127 0 895 
127 0 959 
127 0 1023 
127 63 0 
127 63 63 
127 63 127 
127 63 191 
127 63 255 
127 63 319 
127 63 383 
127 63 447 
127 63 511 
127 63 575 
127 63 639 
127 63 703 
127 63 767 
127 63 831 
127 63 895 
127 63 959 
127 63 1023 
127 127 0 
127 127 63 
127 127 127 
127 127 191 
127 127 255 
127 127 319 
127 127 383 
127 127 447 
127 127 511 
127 127 575 
127 127 639 
127 127 703 
127 127 767 
127 127 831 
127 127 895 
127 127 959 
127 127 1023 
127 191 0 
127 191 63 
127 191 127 
127 191 191 
127 191 255 
127 191 319 
127 191 383 
127 191 447 
127 191 511 
127 191 575 
127 191 639 
127 191 703 
127 191 767 
127 191 831 
127 191 895 
127 191 959 
127 191 1023 
127 255 0 
127 255 63 
127 255 127 
127 255 191 
127 255 255 
127 255 319 
127 255 383 
127 255 447 
127 255 511 
127 255 575 
127 255 639 
127 255 703 
127 255 767 
127 255 831 
127 255 895 
127 255 959 
127 255 1023 
127 319 0 
127 319 63 
127 319 127 
127 319 191 
127 319 255 
127 319 319 
127 319 383 
127 319 447 
127 319 511 
127 319 575 
127 319 639 
127 319 703 
127 319 767 
127 319 831 
127 319 895 
127 319 959 
127 319 1023 
127 383 0 
127 383 63 
127 383 127 
127 383 191 
127 383 255 
127 383 319 
127 383 383 
127 383 447 
127 383 511 
127 383 575 
127 383 639 
127 383 703 
127 383 767 
127 383 831 
127 383 895 
127 383 959 
127 383 1023 
127 447 0 
127 447 63 
127 447 127 
127 447 191 
127 447 255 
127 447 319 
127 447 383 
127 447 447 
127 447 511 
127 447 575 
127 447 639 
127 447 703 
127 447 767 
127 447 831 
127 447 895 
127 447 959 
127 447 1023 
127 511 0 
127 511 63 
127 511 127 
127 511 191 
127 511 255 
127 511 319 
127 511 383 
127 511 447 
127 511 511 
127 511 575 
127 511 639 
127 511 703 
127 511 767 
127 511 831 
127 511 895 
127 511 959 
127 511 1023 
127 575 0 
127 575 63 
127 575 127 
127 575 191 
127 575 255 
127 575 319 
127 575 383 
127 575 447 
127 575 511 
127 575 575 
127 575 639 
127 575 703 
127 575 767 
127 575 831 
127 575 895 
127 575 959 
127 575 1023 
127 639 0 
127 639 63 
127 639 127 
127 639 191 
127 639 255 
127 639 319 
127 639 383 
127 639 447 
127 639 511 
127 639 575 
127 639 639 
127 639 703 
127 639 767 
127 639 831 
127 639 895 
127 639 959 
127 639 1023 
127 703 0 
127 703 63 
127 703 127 
127 703 191 
127 703 255 
127 703 319 
127 703 383 
127 703 447 
127 703 511 
127 703 575 
127 703 639 
127 703 703 
127 703 767 
127 703 831 
127 703 895 
127 703 959 
127 703 1023 
127 767 0 
127 767 63 
127 767 127 
127 767 191 
127 767 255 
127 767 319 
127 767 383 
127 767 447 
127 767 511 
127 767 575 
127 767 639 
127 767 703 
127 767 767 
127 767 831 
127 767 895 
127 767 959 
127 767 1023 
127 831 0 
127 831 63 
127 831 127 
127 831 191 
127 831 255 
127 831 319 
127 831 383 
127 831 447 
127 831 511 
127 831 575 
127 831 639 
127 831 703 
127 831 767 
127 831 831 
127 831 895 
127 831 959 
127 831 1023 
127 895 0 
127 895 63 
127 895 127 
127 895 191 
127 895 255 
127 895 319 
127 895 383 
127 895 447 
127 895 511 
127 895 575 
127 895 639 
127 895 703 
127 895 767 
127 895 831 
127 895 895 
127 895 959 
127 895 1023 
127 959 0 
127 959 63 
127 959 127 
127 959 191 
127 959 255 
127 959 319 
127 959 383 
127 959 447 
127 959 511 
127 959 575 
127 959 639 
127 959 703 
127 959 767 
127 959 831 
127 959 895 
127 959 959 
127 959 1023 
127 1023 0 
127 1023 63 
127 1023 127 
127 1023 191 
127 1023 255 
127 1023 319 
127 1023 383 
127 1023 447 
127 1023 511 
127 1023 575 
127 1023 639 
127 1023 703 
127 1023 767 
127 1023 831 
127 1023 895 
127 1023 959 
127 1023 1023 
191 0 0 
191 0 63 
191 0 127 
191 0 191 
191 0 255 
191 0 319 
191 0 383 
191 0 447 
191 0 511 
191 0 575 
191 0 639 
191 0 703 
191 0 767 
191 0 831 
191 0 895 
191 0 959 
191 0 1023 
191 63 0 
191 63 63 
191 63 127 
191 63 191 
191 63 255 
191 63 319 
191 63 383 
191 63 447 
191 63 511 
191 63 575 
191 63 639 
191 63 703 
191 63 767 
191 63 831 
191 63 895 
191 63 959 
191 63 1023 
191 127 0 
191 127 63 
191 127 127 
191 127 191 
191 127 255 
191 127 319 
191 127 383 
191 127 447 
191 127 511 
191 127 575 
191 127 639 
191 127 703 
191 127 767 
191 127 831 
191 127 895 
191 127 959 
191 127 1023 
191 191 0 
191 191 63 
191 191 127 
191 191 191 
191 191 255 
191 191 319 
191 191 383 
191 191 447 
191 191 511 
191 191 575 
191 191 639 
191 191 703 
191 191 767 
191 191 831 
191 191 895 
191 191 959 
191 191 1023 
191 255 0 
191 255 63 
191 255 127 
191 255 191 
191 255 255 
191 255 319 
191 255 383 
191 255 447 
191 255 511 
191 255 575 
191 255 639 
191 255 703 
191 255 767 
191 255 831 
191 255 895 
191 255 959 
191 255 1023 
191 319 0 
191 319 63 
191 319 127 
191 319 191 
191 319 255 
191 319 319 
191 319 383 
191 319 447 
191 319 511 
191 319 575 
191 319 639 
191 319 703 
191 319 767 
191 319 831 
191 319 895 
191 319 959 
191 319 1023 
191 383 0 
191 383 63 
191 383 127 
191 383 191 
191 383 255 
191 383 319 
191 383 383 
191 383 447 
191 383 511 
191 383 575 
191 383 639 
191 383 703 
191 383 767 
191 383 831 
191 383 895 
191 383 959 
191 383 1023 
191 447 0 
191 447 63 
191 447 127 
191 447 191 
191 447 255 
191 447 319 
191 447 383 
191 447 447 
191 447 511 
191 447 575 
191 447 639 
191 447 703 
191 447 767 
191 447 831 
191 447 895 
191 447 959 
191 447 1023 
191 511 0 
191 511 63 
191 511 127 
191 511 191 
191 511 255 
191 511 319 
191 511 383 
191 511 447 
191 511 511 
191 511 575 
191 511 639 
191 511 703 
191 511 767 
191 511 831 
191 511 895 
191 511 959 
191 511 1023 
191 575 0 
191 575 63 
191 575 127 
191 575 191 
191 575 255 
191 575 319 
191 575 383 
191 575 447 
191 575 511 
191 575 575 
191 575 639 
191 575 703 
191 575 767 
191 575 831 
191 575 895 
191 575 959 
191 575 1023 
191 639 0 
191 639 63 
191 639 127 
191 639 191 
191 639 255 
191 639 319 
191 639 383 
191 639 447 
191 639 511 
191 639 575 
191 639 639 
191 639 703 
191 639 767 
191 639 831 
191 639 895 
191 639 959 
191 639 1023 
191 703 0 
191 703 63 
191 703 127 
191 703 191 
191 703 255 
191 703 319 
191 703 383 
191 703 447 
191 703 511 
191 703 575 
191 703 639 
191 703 703 
191 703 767 
191 703 831 
191 703 895 
191 703 959 
191 703 1023 
191 767 0 
191 767 63 
191 767 127 
191 767 191 
191 767 255 
191 767 319 
191 767 383 
191 767 447 
191 767 511 
191 767 575 
191 767 639 
191 767 703 
191 767 767 
191 767 831 
191 767 895 
191 767 959 
191 767 1023 
191 831 0 
191 831 63 
191 831 127 
191 831 191 
191 831 255 
191 831 319 
191 831 383 
191 831 447 
191 831 511 
191 831 575 
191 831 639 
191 831 703 
191 831 767 
191 831 831 
191 831 895 
191 831 959 
191 831 1023 
191 895 0 
191 895 63 
191 895 127 
191 895 191 
191 895 255 
191 895 319 
191 895 383 
191 895 447 
191 895 511 
191 895 575 
191 895 639 
191 895 703 
191 895 767 
191 895 831 
191 895 895 
191 895 959 
191 895 1023 
191 959 0 
191 959 63 
191 959 127 
191 959 191 
191 959 255 
191 959 319 
191 959 383 
191 959 447 
191 959 511 
191 959 575 
191 959 639 
191 959 703 
191 959 767 
191 959 831 
191 959 895 
191 959 959 
191 959 1023 
191 1023 0 
191 1023 63 
191 1023 127 
191 1023 191 
191 1023 255 
191 1023 319 
191 1023 383 
191 1023 447 
191 1023 511 
191 1023 575 
191 1023 639 
191 1023 703 
191 1023 767 
191 1023 831 
191 1023 895 
191 1023 959 
191 1023 1023 
255 0 0 
255 0 63 
255 0 127 
255 0 191 
255 0 255 
255 0 319 
255 0 383 
255 0 447 
255 0 511 
255 0 575 
255 0 639 
255 0 703 
255 0 767 
255 0 831 
255 0 895 
255 0 959 
255 0 1023 
255 63 0 
255 63 63 
255 63 127 
255 63 191 
255 63 255 
255 63 319 
255 63 383 
255 63 447 
255 63 511 
255 63 575 
255 63 639 
255 63 703 
255 63 767 
255 63 831 
255 63 895 
255 63 959 
255 63 1023 
255 127 0 
255 127 63 
255 127 127 
255 127 191 
255 127 255 
255 127 319 
255 127 383 
255 127 447 
255 127 511 
255 127 575 
255 127 639 
255 127 703 
255 127 767 
255 127 831 
255 127 895 
255 127 959 
255 127 1023 
255 191 0 
255 191 63 
255 191 127 
255 191 191 
255 191 255 
255 191 319 
255 191 383 
255 191 447 
255 191 511 
255 191 575 
255 191 639 
255 191 703 
255 191 767 
255 191 831 
255 191 895 
255 191 959 
255 191 1023 
255 255 0 
255 255 63 
255 255 127 
255 255 191 
255 255 255 
255 255 319 
255 255 383 
255 255 447 
255 255 511 
255 255 575 
255 255 639 
255 255 703 
255 255 767 
255 255 831 
255 255 895 
255 255 959 
255 255 1023 
255 319 0 
255 319 63 
255 319 127 
255 319 191 
255 319 255 
255 319 319 
255 319 383 
255 319 447 
255 319 511 
255 319 575 
255 319 639 
255 319 703 
255 319 767 
255 319 831 
255 319 895 
255 319 959 
255 319 1023 
255 383 0 
255 383 63 
255 383 127 
255 383 191 
255 383 255 
255 383 319 
255 383 383 
255 383 447 
255 383 511 
255 383 575 
255 383 639 
255 383 703 
255 383 767 
255 383 831 
255 383 895 
255 383 959 
255 383 1023 
255 447 0 
255 447 63 
255 447 127 
255 447 191 
255 447 255 
255 447 319 
255 447 383 
255 447 447 
255 447 511 
255 447 575 
255 447 639 
255 447 703 
255 447 767 
255 447 831 
255 447 895 
255 447 959 
255 447 1023 
255 511 0 
255 511 63 
255 511 127 
255 511 191 
255 511 255 
255 511 319 
255 511 383 
255 511 447 
255 511 511 
255 511 575 
255 511 639 
255 511 703 
255 511 767 
255 511 831 
255 511 895 
255 511 959 
255 511 1023 
255 575 0 
255 575 63 
255 575 127 
255 575 191 
255 575 255 
255 575 319 
255 575 383 
255 575 447 
255 575 511 
255 575 575 
255 575 639 
255 575 703 
255 575 767 
255 575 831 
255 575 895 
255 575 959 
255 575 1023 
255 639 0 
255 639 63 
255 639 127 
255 639 191 
255 639 255 
255 639 319 
255 639 383 
255 639 447 
255 639 511 
255 639 575 
255 639 639 
255 639 703 
255 639 767 
255 639 831 
255 639 895 
255 639 959 
255 639 1023 
255 703 0 
255 703 63 
255 703 127 
255 703 191 
255 703 255 
255 703 319 
255 703 383 
255 703 447 
255 703 511 
255 703 575 
255 703 639 
255 703 703 
255 703 767 
255 703 831 
255 703 895 
255 703 959 
255 703 1023 
255 767 0 
255 767 63 
255 767 127 
255 767 191 
255 767 255 
255 767 319 
255 767 383 
255 767 447 
255 767 511 
255 767 575 
255 767 639 
255 767 703 
255 767 767 
255 767 831 
255 767 895 
255 767 959 
255 767 1023 
255 831 0 
255 831 63 
255 831 127 
255 831 191 
255 831 255 
255 831 319 
255 831 383 
255 831 447 
255 831 511 
255 831 575 
255 831 639 
255 831 703 
255 831 767 
255 831 831 
255 831 895 
255 831 959 
255 831 1023 
255 895 0 
255 895 63 
255 895 127 
255 895 191 
255 895 255 
255 895 319 
255 895 383 
255 895 447 
255 895 511 
255 895 575 
255 895 639 
255 895 703 
255 895 767 
255 895 831 
255 895 895 
255 895 959 
255 895 1023 
255 959 0 
255 959 63 
255 959 127 
255 959 191 
255 959 255 
255 959 319 
255 959 383 
255 959 447 
255 959 511 
255 959 575 
255 959 639 
255 959 703 
255 959 767 
255 959 831 
255 959 895 
255 959 959 
255 959 1023 
255 1023 0 
255 1023 63 
255 1023 127 
255 1023 191 
255 1023 255 
255 1023 319 
255 1023 383 
255 1023 447 
255 1023 511 
255 1023 575 
255 1023 639 
255 1023 703 
255 1023 767 
255 1023 831 
255 1023 895 
255 1023 959 
255 1023 1023 
319 0 0 
319 0 63 
319 0 127 
319 0 191 
319 0 255 
319 0 319 
319 0 383 
319 0 447 
319 0 511 
319 0 575 
319 0 639 
319 0 703 
319 0 767 
319 0 831 
319 0 895 
319 0 959 
319 0 1023 
319 63 0 
319 63 63 
319 63 127 
319 63 191 
319 63 255 
319 63 319 
319 63 383 
319 63 447 
319 63 511 
319 63 575 
319 63 639 
319 63 703 
319 63 767 
319 63 831 
319 63 895 
319 63 959 
319 63 1023 
319 127 0 
319 127 63 
319 127 127 
319 127 191 
319 127 255 
319 127 319 
319 127 383 
319 127 447 
319 127 511 
319 127 575 
319 127 639 
319 127 703 
319 127 767 
319 127 831 
319 127 895 
319 127 959 
319 127 1023 
319 191 0 
319 191 63 
319 191 127 
319 191 191 
319 191 255 
319 191 319 
319 191 383 
319 191 447 
319 191 511 
319 191 575 
319 191 639 
319 191 703 
319 191 767 
319 191 831 
319 191 895 
319 191 959 
319 191 1023 
319 255 0 
319 255 63 
319 255 127 
319 255 191 
319 255 255 
319 255 319 
319 255 383 
319 255 447 
319 255 511 
319 255 575 
319 255 639 
319 255 703 
319 255 767 
319 255 831 
319 255 895 
319 255 959 
319 255 1023 
319 319 0 
319 319 63 
319 319 127 
319 319 191 
319 319 255 
319 319 319 
319 319 383 
319 319 447 
319 319 511 
319 319 575 
319 319 639 
319 319 703 
319 319 767 
319 319 831 
319 319 895 
319 319 959 
319 319 1023 
319 383 0 
319 383 63 
319 383 127 
319 383 191 
319 383 255 
319 383 319 
319 383 383 
319 383 447 
319 383 511 
319 383 575 
319 383 639 
319 383 703 
319 383 767 
319 383 831 
319 383 895 
319 383 959 
319 383 1023 
319 447 0 
319 447 63 
319 447 127 
319 447 191 
319 447 255 
319 447 319 
319 447 383 
319 447 447 
319 447 511 
319 447 575 
319 447 639 
319 447 703 
319 447 767 
319 447 831 
319 447 895 
319 447 959 
319 447 1023 
319 511 0 
319 511 63 
319 511 127 
319 511 191 
319 511 255 
319 511 319 
319 511 383 
319 511 447 
319 511 511 
319 511 575 
319 511 639 
319 511 703 
319 511 767 
319 511 831 
319 511 895 
319 511 959 
319 511 1023 
319 575 0 
319 575 63 
319 575 127 
319 575 191 
319 575 255 
319 575 319 
319 575 383 
319 575 447 
319 575 511 
319 575 575 
319 575 639 
319 575 703 
319 575 767 
319 575 831 
319 575 895 
319 575 959 
319 575 1023 
319 639 0 
319 639 63 
319 639 127 
319 639 191 
319 639 255 
319 639 319 
319 639 383 
319 639 447 
319 639 511 
319 639 575 
319 639 639 
319 639 703 
319 639 767 
319 639 831 
319 639 895 
319 639 959 
319 639 1023 
319 703 0 
319 703 63 
319 703 127 
319 703 191 
319 703 255 
319 703 319 
319 703 383 
319 703 447 
319 703 511 
319 703 575 
319 703 639 
319 703 703 
319 703 767 
319 703 831 
319 703 895 
319 703 959 
319 703 1023 
319 767 0 
319 767 63 
319 767 127 
319 767 191 
319 767 255 
319 767 319 
319 767 383 
319 767 447 
319 767 511 
319 767 575 
319 767 639 
319 767 703 
319 767 767 
319 767 831 
319 767 895 
319 767 959 
319 767 1023 
319 831 0 
319 831 63 
319 831 127 
319 831 191 
319 831 255 
319 831 319 
319 831 383 
319 831 447 
319 831 511 
319 831 575 
319 831 639 
319 831 703 
319 831 767 
319 831 831 
319 831 895 
319 831 959 
319 831 1023 
319 895 0 
319 895 63 
319 895 127 
319 895 191 
319 895 255 
319 895 319 
319 895 383 
319 895 447 
319 895 511 
319 895 575 
319 895 639 
319 895 703 
319 895 767 
319 895 831 
319 895 895 
319 895 959 
319 895 1023 
319 959 0 
319 959 63 
319 959 127 
319 959 191 
319 959 255 
319 959 319 
319 959 383 
319 959 447 
319 959 511 
319 959 575 
319 959 639 
319 959 703 
319 959 767 
319 959 831 
319 959 895 
319 959 959 
319 959 1023 
319 1023 0 
319 1023 63 
319 1023 127 
319 1023 191 
319 1023 255 
319 1023 319 
319 1023 383 
319 1023 447 
319 1023 511 
319 1023 575 
319 1023 639 
319 1023 703 
319 1023 767 
319 1023 831 
319 1023 895 
319 1023 959 
319 1023 1023 
383 0 0 
383 0 63 
383 0 127 
383 0 191 
383 0 255 
383 0 319 
383 0 383 
383 0 447 
383 0 511 
383 0 575 
383 0 639 
383 0 703 
383 0 767 
383 0 831 
383 0 895 
383 0 959 
383 0 1023 
383 63 0 
383 63 63 
383 63 127 
383 63 191 
383 63 255 
383 63 319 
383 63 383 
383 63 447 
383 63 511 
383 63 575 
383 63 639 
383 63 703 
383 63 767 
383 63 831 
383 63 895 
383 63 959 
383 63 1023 
383 127 0 
383 127 63 
383 127 127 
383 127 191 
383 127 255 
383 127 319 
383 127 383 
383 127 447 
383 127 511 
383 127 575 
383 127 639 
383 127 703 
383 127 767 
383 127 831 
383 127 895 
383 127 959 
383 127 1023 
383 191 0 
383 191 63 
383 191 127 
383 191 191 
383 191 255 
383 191 319 
383 191 383 
383 191 447 
383 191 511 
383 191 575 
383 191 639 
383 191 703 
383 191 767 
383 191 831 
383 191 895 
383 191 959 
383 191 1023 
383 255 0 
383 255 63 
383 255 127 
383 255 191 
383 255 255 
383 255 319 
383 255 383 
383 255 447 
383 255 511 
383 255 575 
383 255 639 
383 255 703 
383 255 767 
383 255 831 
383 255 895 
383 255 959 
383 255 1023 
383 319 0 
383 319 63 
383 319 127 
383 319 191 
383 319 255 
383 319 319 
383 319 383 
383 319 447 
383 319 511 
383 319 575 
383 319 639 
383 319 703 
383 319 767 
383 319 831 
383 319 895 
383 319 959 
383 319 1023 
383 383 0 
383 383 63 
383 383 127 
383 383 191 
383 383 255 
383 383 319 
383 383 383 
383 383 447 
383 383 511 
383 383 575 
383 383 639 
383 383 703 
383 383 767 
383 383 831 
383 383 895 
383 383 959 
383 383 1023 
383 447 0 
383 447 63 
383 447 127 
383 447 191 
383 447 255 
383 447 319 
383 447 383 
383 447 447 
383 447 511 
383 447 575 
383 447 639 
383 447 703 
383 447 767 
383 447 831 
383 447 895 
383 447 959 
383 447 1023 
383 511 0 
383 511 63 
383 511 127 
383 511 191 
383 511 255 
383 511 319 
383 511 383 
383 511 447 
383 511 511 
383 511 575 
383 511 639 
383 511 703 
383 511 767 
383 511 831 
383 511 895 
383 511 959 
383 511 1023 
383 575 0 
383 575 63 
383 575 127 
383 575 191 
383 575 255 
383 575 319 
383 575 383 
383 575 447 
383 575 511 
383 575 575 
383 575 639 
383 575 703 
383 575 767 
383 575 831 
383 575 895 
383 575 959 
383 575 1023 
383 639 0 
383 639 63 
383 639 127 
383 639 191 
383 639 255 
383 639 319 
383 639 383 
383 639 447 
383 639 511 
383 639 575 
383 639 639 
383 639 703 
383 639 767 
383 639 831 
383 639 895 
383 639 959 
383 639 1023 
383 703 0 
383 703 63 
383 703 127 
383 703 191 
383 703 255 
383 703 319 
383 703 383 
383 703 447 
383 703 511 
383 703 575 
383 703 639 
383 703 703 
383 703 767 
383 703 831 
383 703 895 
383 703 959 
383 703 1023 
383 767 0 
383 767 63 
383 767 127 
383 767 191 
383 767 255 
383 767 319 
383 767 383 
383 767 447 
383 767 511 
383 767 575 
383 767 639 
383 767 703 
383 767 767 
383 767 831 
383 767 895 
383 767 959 
383 767 1023 
383 831 0 
383 831 63 
383 831 127 
383 831 191 
383 831 255 
383 831 319 
383 831 383 
383 831 447 
383 831 511 
383 831 575 
383 831 639 
383 831 703 
383 831 767 
383 831 831 
383 831 895 
383 831 959 
383 831 1023 
383 895 0 
383 895 63 
383 895 127 
383 895 191 
383 895 255 
383 895 319 
383 895 383 
383 895 447 
383 895 511 
383 895 575 
383 895 639 
383 895 703 
383 895 767 
383 895 831 
383 895 895 
383 895 959 
383 895 1023 
383 959 0 
383 959 63 
383 959 127 
383 959 191 
383 959 255 
383 959 319 
383 959 383 
383 959 447 
383 959 511 
383 959 575 
383 959 639 
383 959 703 
383 959 767 
383 959 831 
383 959 895 
383 959 959 
383 959 1023 
383 1023 0 
383 1023 63 
383 1023 127 
383 1023 191 
383 1023 255 
383 1023 319 
383 1023 383 
383 1023 447 
383 1023 511 
383 1023 575 
383 1023 639 
383 1023 703 
383 1023 767 
383 1023 831 
383 1023 895 
383 1023 959 
383 1023 1023 
447 0 0 
447 0 63 
447 0 127 
447 0 191 
447 0 255 
447 0 319 
447 0 383 
447 0 447 
447 0 511 
447 0 575 
447 0 639 
447 0 703 
447 0 767 
447 0 831 
447 0 895 
447 0 959 
447 0 1023 
447 63 0 
447 63 63 
447 63 127 
447 63 191 
447 63 255 
447 63 319 
447 63 383 
447 63 447 
447 63 511 
447 63 575 
447 63 639 
447 63 703 
447 63 767 
447 63 831 
447 63 895 
447 63 959 
447 63 1023 
447 127 0 
447 127 63 
447 127 127 
447 127 191 
447 127 255 
447 127 319 
447 127 383 
447 127 447 
447 127 511 
447 127 575 
447 127 639 
447 127 703 
447 127 767 
447 127 831 
447 127 895 
447 127 959 
447 127 1023 
447 191 0 
447 191 63 
447 191 127 
447 191 191 
447 191 255 
447 191 319 
447 191 383 
447 191 447 
447 191 511 
447 191 575 
447 191 639 
447 191 703 
447 191 767 
447 191 831 
447 191 895 
447 191 959 
447 191 1023 
447 255 0 
447 255 63 
447 255 127 
447 255 191 
447 255 255 
447 255 319 
447 255 383 
447 255 447 
447 255 511 
447 255 575 
447 255 639 
447 255 703 
447 255 767 
447 255 831 
447 255 895 
447 255 959 
447 255 1023 
447 319 0 
447 319 63 
447 319 127 
447 319 191 
447 319 255 
447 319 319 
447 319 383 
447 319 447 
447 319 511 
447 319 575 
447 319 639 
447 319 703 
447 319 767 
447 319 831 
447 319 895 
447 319 959 
447 319 1023 
447 383 0 
447 383 63 
447 383 127 
447 383 191 
447 383 255 
447 383 319 
447 383 383 
447 383 447 
447 383 511 
447 383 575 
447 383 639 
447 383 703 
447 383 767 
447 383 831 
447 383 895 
447 383 959 
447 383 1023 
447 447 0 
447 447 63 
447 447 127 
447 447 191 
447 447 255 
447 447 319 
447 447 383 
447 447 447 
447 447 511 
447 447 575 
447 447 639 
447 447 703 
447 447 767 
447 447 831 
447 447 895 
447 447 959 
447 447 1023 
447 511 0 
447 511 63 
447 511 127 
447 511 191 
447 511 255 
447 511 319 
447 511 383 
447 511 447 
447 511 511 
447 511 575 
447 511 639 
447 511 703 
447 511 767 
447 511 831 
447 511 895 
447 511 959 
447 511 1023 
447 575 0 
447 575 63 
447 575 127 
447 575 191 
447 575 255 
447 575 319 
447 575 383 
447 575 447 
447 575 511 
447 575 575 
447 575 639 
447 575 703 
447 575 767 
447 575 831 
447 575 895 
447 575 959 
447 575 1023 
447 639 0 
447 639 63 
447 639 127 
447 639 191 
447 639 255 
447 639 319 
447 639 383 
447 639 447 
447 639 511 
447 639 575 
447 639 639 
447 639 703 
447 639 767 
447 639 831 
447 639 895 
447 639 959 
447 639 1023 
447 703 0 
447 703 63 
447 703 127 
447 703 191 
447 703 255 
447 703 319 
447 703 383 
447 703 447 
447 703 511 
447 703 575 
447 703 639 
447 703 703 
447 703 767 
447 703 831 
447 703 895 
447 703 959 
447 703 1023 
447 767 0 
447 767 63 
447 767 127 
447 767 191 
447 767 255 
447 767 319 
447 767 383 
447 767 447 
447 767 511 
447 767 575 
447 767 639 
447 767 703 
447 767 767 
447 767 831 
447 767 895 
447 767 959 
447 767 1023 
447 831 0 
447 831 63 
447 831 127 
447 831 191 
447 831 255 
447 831 319 
447 831 383 
447 831 447 
447 831 511 
447 831 575 
447 831 639 
447 831 703 
447 831 767 
447 831 831 
447 831 895 
447 831 959 
447 831 1023 
447 895 0 
447 895 63 
447 895 127 
447 895 191 
447 895 255 
447 895 319 
447 895 383 
447 895 447 
447 895 511 
447 895 575 
447 895 639 
447 895 703 
447 895 767 
447 895 831 
447 895 895 
447 895 959 
447 895 1023 
447 959 0 
447 959 63 
447 959 127 
447 959 191 
447 959 255 
447 959 319 
447 959 383 
447 959 447 
447 959 511 
447 959 575 
447 959 639 
447 959 703 
447 959 767 
447 959 831 
447 959 895 
447 959 959 
447 959 1023 
447 1023 0 
447 1023 63 
447 1023 127 
447 1023 191 
447 1023 255 
447 1023 319 
447 1023 383 
447 1023 447 
447 1023 511 
447 1023 575 
447 1023 639 
447 1023 703 
447 1023 767 
447 1023 831 
447 1023 895 
447 1023 959 
447 1023 1023 
511 0 0 
511 0 63 
511 0 127 
511 0 191 
511 0 255 
511 0 319 
511 0 383 
511 0 447 
511 0 511 
511 0 575 
511 0 639 
511 0 703 
511 0 767 
511 0 831 
511 0 895 
511 0 959 
511 0 1023 
511 63 0 
511 63 63 
511 63 127 
511 63 191 
511 63 255 
511 63 319 
511 63 383 
511 63 447 
511 63 511 
511 63 575 
511 63 639 
511 63 703 
511 63 767 
511 63 831 
511 63 895 
511 63 959 
511 63 1023 
511 127 0 
511 127 63 
511 127 127 
511 127 191 
511 127 255 
511 127 319 
511 127 383 
511 127 447 
511 127 511 
511 127 575 
511 127 639 
511 127 703 
511 127 767 
511 127 831 
511 127 895 
511 127 959 
511 127 1023 
511 191 0 
511 191 63 
511 191 127 
511 191 191 
511 191 255 
511 191 319 
511 191 383 
511 191 447 
511 191 511 
511 191 575 
511 191 639 
511 191 703 
511 191 767 
511 191 831 
511 191 895 
511 191 959 
511 191 1023 
511 255 0 
511 255 63 
511 255 127 
511 255 191 
511 255 255 
511 255 319 
511 255 383 
511 255 447 
511 255 511 
511 255 575 
511 255 639 
511 255 703 
511 255 767 
511 255 831 
511 255 895 
511 255 959 
511 255 1023 
511 319 0 
511 319 63 
511 319 127 
511 319 191 
511 319 255 
511 319 319 
511 319 383 
511 319 447 
511 319 511 
511 319 575 
511 319 639 
511 319 703 
511 319 767 
511 319 831 
511 319 895 
511 319 959 
511 319 1023 
511 383 0 
511 383 63 
511 383 127 
511 383 191 
511 383 255 
511 383 319 
511 383 383 
511 383 447 
511 383 511 
511 383 575 
511 383 639 
511 383 703 
511 383 767 
511 383 831 
511 383 895 
511 383 959 
511 383 1023 
511 447 0 
511 447 63 
511 447 127 
511 447 191 
511 447 255 
511 447 319 
511 447 383 
511 447 447 
511 447 511 
511 447 575 
511 447 639 
511 447 703 
511 447 767 
511 447 831 
511 447 895 
511 447 959 
511 447 1023 
511 511 0 
511 511 63 
511 511 127 
511 511 191 
511 511 255 
511 511 319 
511 511 383 
511 511 447 
511 511 511 
511 511 575 
511 511 639 
511 511 703 
511 511 767 
511 511 831 
511 511 895 
511 511 959 
511 511 1023 
511 575 0 
511 575 63 
511 575 127 
511 575 191 
511 575 255 
511 575 319 
511 575 383 
511 575 447 
511 575 511 
511 575 575 
511 575 639 
511 575 703 
511 575 767 
511 575 831 
511 575 895 
511 575 959 
511 575 1023 
511 639 0 
511 639 63 
511 639 127 
511 639 191 
511 639 255 
511 639 319 
511 639 383 
511 639 447 
511 639 511 
511 639 575 
511 639 639 
511 639 703 
511 639 767 
511 639 831 
511 639 895 
511 639 959 
511 639 1023 
511 703 0 
511 703 63 
511 703 127 
511 703 191 
511 703 255 
511 703 319 
511 703 383 
511 703 447 
511 703 511 
511 703 575 
511 703 639 
511 703 703 
511 703 767 
511 703 831 
511 703 895 
511 703 959 
511 703 1023 
511 767 0 
511 767 63 
511 767 127 
511 767 191 
511 767 255 
511 767 319 
511 767 383 
511 767 447 
511 767 511 
511 767 575 
511 767 639 
511 767 703 
511 767 767 
511 767 831 
511 767 895 
511 767 959 
511 767 1023 
511 831 0 
511 831 63 
511 831 127 
511 831 191 
511 831 255 
511 831 319 
511 831 383 
511 831 447 
511 831 511 
511 831 575 
511 831 639 
511 831 703 
511 831 767 
511 831 831 
511 831 895 
511 831 959 
511 831 1023 
511 895 0 
511 895 63 
511 895 127 
511 895 191 
511 895 255 
511 895 319 
511 895 383 
511 895 447 
511 895 511 
511 895 575 
511 895 639 
511 895 703 
511 895 767 
511 895 831 
511 895 895 
511 895 959 
511 895 1023 
511 959 0 
511 959 63 
511 959 127 
511 959 191 
511 959 255 
511 959 319 
511 959 383 
511 959 447 
511 959 511 
511 959 575 
511 959 639 
511 959 703 
511 959 767 
511 959 831 
511 959 895 
511 959 959 
511 959 1023 
511 1023 0 
511 1023 63 
511 1023 127 
511 1023 191 
511 1023 255 
511 1023 319 
511 1023 383 
511 1023 447 
511 1023 511 
511 1023 575 
511 1023 639 
511 1023 703 
511 1023 767 
511 1023 831 
511 1023 895 
511 1023 959 
511 1023 1023 
575 0 0 
575 0 63 
575 0 127 
575 0 191 
575 0 255 
575 0 319 
575 0 383 
575 0 447 
575 0 511 
575 0 575 
575 0 639 
575 0 703 
575 0 767 
575 0 831 
575 0 895 
575 0 959 
575 0 1023 
575 63 0 
575 63 63 
575 63 127 
575 63 191 
575 63 255 
575 63 319 
575 63 383 
575 63 447 
575 63 511 
575 63 575 
575 63 639 
575 63 703 
575 63 767 
575 63 831 
575 63 895 
575 63 959 
575 63 1023 
575 127 0 
575 127 63 
575 127 127 
575 127 191 
575 127 255 
575 127 319 
575 127 383 
575 127 447 
575 127 511 
575 127 575 
575 127 639 
575 127 703 
575 127 767 
575 127 831 
575 127 895 
575 127 959 
575 127 1023 
575 191 0 
575 191 63 
575 191 127 
575 191 191 
575 191 255 
575 191 319 
575 191 383 
575 191 447 
575 191 511 
575 191 575 
575 191 639 
575 191 703 
575 191 767 
575 191 831 
575 191 895 
575 191 959 
575 191 1023 
575 255 0 
575 255 63 
575 255 127 
575 255 191 
575 255 255 
575 255 319 
575 255 383 
575 255 447 
575 255 511 
575 255 575 
575 255 639 
575 255 703 
575 255 767 
575 255 831 
575 255 895 
575 255 959 
575 255 1023 
575 319 0 
575 319 63 
575 319 127 
575 319 191 
575 319 255 
575 319 319 
575 319 383 
575 319 447 
575 319 511 
575 319 575 
575 319 639 
575 319 703 
575 319 767 
575 319 831 
575 319 895 
575 319 959 
575 319 1023 
575 383 0 
575 383 63 
575 383 127 
575 383 191 
575 383 255 
575 383 319 
575 383 383 
575 383 447 
575 383 511 
575 383 575 
575 383 639 
575 383 703 
575 383 767 
575 383 831 
575 383 895 
575 383 959 
575 383 1023 
575 447 0 
575 447 63 
575 447 127 
575 447 191 
575 447 255 
575 447 319 
575 447 383 
575 447 447 
575 447 511 
575 447 575 
575 447 639 
575 447 703 
575 447 767 
575 447 831 
575 447 895 
575 447 959 
575 447 1023 
575 511 0 
575 511 63 
575 511 127 
575 511 191 
575 511 255 
575 511 319 
575 511 383 
575 511 447 
575 511 511 
575 511 575 
575 511 639 
575 511 703 
575 511 767 
575 511 831 
575 511 895 
575 511 959 
575 511 1023 
575 575 0 
575 575 63 
575 575 127 
575 575 191 
575 575 255 
575 575 319 
575 575 383 
575 575 447 
575 575 511 
575 575 575 
575 575 639 
575 575 703 
575 575 767 
575 575 831 
575 575 895 
575 575 959 
575 575 1023 
575 639 0 
575 639 63 
575 639 127 
575 639 191 
575 639 255 
575 639 319 
575 639 383 
575 639 447 
575 639 511 
575 639 575 
575 639 639 
575 639 703 
575 639 767 
575 639 831 
575 639 895 
575 639 959 
575 639 1023 
575 703 0 
575 703 63 
575 703 127 
575 703 191 
575 703 255 
575 703 319 
575 703 383 
575 703 447 
575 703 511 
575 703 575 
575 703 639 
575 703 703 
575 703 767 
575 703 831 
575 703 895 
575 703 959 
575 703 1023 
575 767 0 
575 767 63 
575 767 127 
575 767 191 
575 767 255 
575 767 319 
575 767 383 
575 767 447 
575 767 511 
575 767 575 
575 767 639 
575 767 703 
575 767 767 
575 767 831 
575 767 895 
575 767 959 
575 767 1023 
575 831 0 
575 831 63 
575 831 127 
575 831 191 
575 831 255 
575 831 319 
575 831 383 
575 831 447 
575 831 511 
575 831 575 
575 831 639 
575 831 703 
575 831 767 
575 831 831 
575 831 895 
575 831 959 
575 831 1023 
575 895 0 
575 895 63 
575 895 127 
575 895 191 
575 895 255 
575 895 319 
575 895 383 
575 895 447 
575 895 511 
575 895 575 
575 895 639 
575 895 703 
575 895 767 
575 895 831 
575 895 895 
575 895 959 
575 895 1023 
575 959 0 
575 959 63 
575 959 127 
575 959 191 
575 959 255 
575 959 319 
575 959 383 
575 959 447 
575 959 511 
575 959 575 
575 959 639 
575 959 703 
575 959 767 
575 959 831 
575 959 895 
575 959 959 
575 959 1023 
575 1023 0 
575 1023 63 
575 1023 127 
575 1023 191 
575 1023 255 
575 1023 319 
575 1023 383 
575 1023 447 
575 1023 511 
575 1023 575 
575 1023 639 
575 1023 703 
575 1023 767 
575 1023 831 
575 1023 895 
575 1023 959 
575 1023 1023 
639 0 0 
639 0 63 
639 0 127 
639 0 191 
639 0 255 
639 0 319 
639 0 383 
639 0 447 
639 0 511 
639 0 575 
639 0 639 
639 0 703 
639 0 767 
639 0 831 
639 0 895 
639 0 959 
639 0 1023 
639 63 0 
639 63 63 
639 63 127 
639 63 191 
639 63 255 
639 63 319 
639 63 383 
639 63 447 
639 63 511 
639 63 575 
639 63 639 
639 63 703 
639 63 767 
639 63 831 
639 63 895 
639 63 959 
639 63 1023 
639 127 0 
639 127 63 
639 127 127 
639 127 191 
639 127 255 
639 127 319 
639 127 383 
639 127 447 
639 127 511 
639 127 575 
639 127 639 
639 127 703 
639 127 767 
639 127 831 
639 127 895 
639 127 959 
639 127 1023 
639 191 0 
639 191 63 
639 191 127 
639 191 191 
639 191 255 
639 191 319 
639 191 383 
639 191 447 
639 191 511 
639 191 575 
639 191 639 
639 191 703 
639 191 767 
639 191 831 
639 191 895 
639 191 959 
639 191 1023 
639 255 0 
639 255 63 
639 255 127 
639 255 191 
639 255 255 
639 255 319 
639 255 383 
639 255 447 
639 255 511 
639 255 575 
639 255 639 
639 255 703 
639 255 767 
639 255 831 
639 255 895 
639 255 959 
639 255 1023 
639 319 0 
639 319 63 
639 319 127 
639 319 191 
639 319 255 
639 319 319 
639 319 383 
639 319 447 
639 319 511 
639 319 575 
639 319 639 
639 319 703 
639 319 767 
639 319 831 
639 319 895 
639 319 959 
639 319 1023 
639 383 0 
639 383 63 
639 383 127 
639 383 191 
639 383 255 
639 383 319 
639 383 383 
639 383 447 
639 383 511 
639 383 575 
639 383 639 
639 383 703 
639 383 767 
639 383 831 
639 383 895 
639 383 959 
639 383 1023 
639 447 0 
639 447 63 
639 447 127 
639 447 191 
639 447 255 
639 447 319 
639 447 383 
639 447 447 
639 447 511 
639 447 575 
639 447 639 
639 447 703 
639 447 767 
639 447 831 
639 447 895 
639 447 959 
639 447 1023 
639 511 0 
639 511 63 
639 511 127 
639 511 191 
639 511 255 
639 511 319 
639 511 383 
639 511 447 
639 511 511 
639 511 575 
639 511 639 
639 511 703 
639 511 767 
639 511 831 
639 511 895 
639 511 959 
639 511 1023 
639 575 0 
639 575 63 
639 575 127 
639 575 191 
639 575 255 
639 575 319 
639 575 383 
639 575 447 
639 575 511 
639 575 575 
639 575 639 
639 575 703 
639 575 767 
639 575 831 
639 575 895 
639 575 959 
639 575 1023 
639 639 0 
639 639 63 
639 639 127 
639 639 191 
639 639 255 
639 639 319 
639 639 383 
639 639 447 
639 639 511 
639 639 575 
639 639 639 
639 639 703 
639 639 767 
639 639 831 
639 639 895 
639 639 959 
639 639 1023 
639 703 0 
639 703 63 
639 703 127 
639 703 191 
639 703 255 
639 703 319 
639 703 383 
639 703 447 
639 703 511 
639 703 575 
639 703 639 
639 703 703 
639 703 767 
639 703 831 
639 703 895 
639 703 959 
639 703 1023 
639 767 0 
639 767 63 
639 767 127 
639 767 191 
639 767 255 
639 767 319 
639 767 383 
639 767 447 
639 767 511 
639 767 575 
639 767 639 
639 767 703 
639 767 767 
639 767 831 
639 767 895 
639 767 959 
639 767 1023 
639 831 0 
639 831 63 
639 831 127 
639 831 191 
639 831 255 
639 831 319 
639 831 383 
639 831 447 
639 831 511 
639 831 575 
639 831 639 
639 831 703 
639 831 767 
639 831 831 
639 831 895 
639 831 959 
639 831 1023 
639 895 0 
639 895 63 
639 895 127 
639 895 191 
639 895 255 
639 895 319 
639 895 383 
639 895 447 
639 895 511 
639 895 575 
639 895 639 
639 895 703 
639 895 767 
639 895 831 
639 895 895 
639 895 959 
639 895 1023 
639 959 0 
639 959 63 
639 959 127 
639 959 191 
639 959 255 
639 959 319 
639 959 383 
639 959 447 
639 959 511 
639 959 575 
639 959 639 
639 959 703 
639 959 767 
639 959 831 
639 959 895 
639 959 959 
639 959 1023 
639 1023 0 
639 1023 63 
639 1023 127 
639 1023 191 
639 1023 255 
639 1023 319 
639 1023 383 
639 1023 447 
639 1023 511 
639 1023 575 
639 1023 639 
639 1023 703 
639 1023 767 
639 1023 831 
639 1023 895 
639 1023 959 
639 1023 1023 
703 0 0 
703 0 63 
703 0 127 
703 0 191 
703 0 255 
703 0 319 
703 0 383 
703 0 447 
703 0 511 
703 0 575 
703 0 639 
703 0 703 
703 0 767 
703 0 831 
703 0 895 
703 0 959 
703 0 1023 
703 63 0 
703 63 63 
703 63 127 
703 63 191 
703 63 255 
703 63 319 
703 63 383 
703 63 447 
703 63 511 
703 63 575 
703 63 639 
703 63 703 
703 63 767 
703 63 831 
703 63 895 
703 63 959 
703 63 1023 
703 127 0 
703 127 63 
703 127 127 
703 127 191 
703 127 255 
703 127 319 
703 127 383 
703 127 447 
703 127 511 
703 127 575 
703 127 639 
703 127 703 
703 127 767 
703 127 831 
703 127 895 
703 127 959 
703 127 1023 
703 191 0 
703 191 63 
703 191 127 
703 191 191 
703 191 255 
703 191 319 
703 191 383 
703 191 447 
703 191 511 
703 191 575 
703 191 639 
703 191 703 
703 191 767 
703 191 831 
703 191 895 
703 191 959 
703 191 1023 
703 255 0 
703 255 63 
703 255 127 
703 255 191 
703 255 255 
703 255 319 
703 255 383 
703 255 447 
703 255 511 
703 255 575 
703 255 639 
703 255 703 
703 255 767 
703 255 831 
703 255 895 
703 255 959 
703 255 1023 
703 319 0 
703 319 63 
703 319 127 
703 319 191 
703 319 255 
703 319 319 
703 319 383 
703 319 447 
703 319 511 
703 319 575 
703 319 639 
703 319 703 
703 319 767 
703 319 831 
703 319 895 
703 319 959 
703 319 1023 
703 383 0 
703 383 63 
703 383 127 
703 383 191 
703 383 255 
703 383 319 
703 383 383 
703 383 447 
703 383 511 
703 383 575 
703 383 639 
703 383 703 
703 383 767 
703 383 831 
703 383 895 
703 383 959 
703 383 1023 
703 447 0 
703 447 63 
703 447 127 
703 447 191 
703 447 255 
703 447 319 
703 447 383 
703 447 447 
703 447 511 
703 447 575 
703 447 639 
703 447 703 
703 447 767 
703 447 831 
703 447 895 
703 447 959 
703 447 1023 
703 511 0 
703 511 63 
703 511 127 
703 511 191 
703 511 255 
703 511 319 
703 511 383 
703 511 447 
703 511 511 
703 511 575 
703 511 639 
703 511 703 
703 511 767 
703 511 831 
703 511 895 
703 511 959 
703 511 1023 
703 575 0 
703 575 63 
703 575 127 
703 575 191 
703 575 255 
703 575 319 
703 575 383 
703 575 447 
703 575 511 
703 575 575 
703 575 639 
703 575 703 
703 575 767 
703 575 831 
703 575 895 
703 575 959 
703 575 1023 
703 639 0 
703 639 63 
703 639 127 
703 639 191 
703 639 255 
703 639 319 
703 639 383 
703 639 447 
703 639 511 
703 639 575 
703 639 639 
703 639 703 
703 639 767 
703 639 831 
703 639 895 
703 639 959 
703 639 1023 
703 703 0 
703 703 63 
703 703 127 
703 703 191 
703 703 255 
703 703 319 
703 703 383 
703 703 447 
703 703 511 
703 703 575 
703 703 639 
703 703 703 
703 703 767 
703 703 831 
703 703 895 
703 703 959 
703 703 1023 
703 767 0 
703 767 63 
703 767 127 
703 767 191 
703 767 255 
703 767 319 
703 767 383 
703 767 447 
703 767 511 
703 767 575 
703 767 639 
703 767 703 
703 767 767 
703 767 831 
703 767 895 
703 767 959 
703 767 1023 
703 831 0 
703 831 63 
703 831 127 
703 831 191 
703 831 255 
703 831 319 
703 831 383 
703 831 447 
703 831 511 
703 831 575 
703 831 639 
703 831 703 
703 831 767 
703 831 831 
703 831 895 
703 831 959 
703 831 1023 
703 895 0 
703 895 63 
703 895 127 
703 895 191 
703 895 255 
703 895 319 
703 895 383 
703 895 447 
703 895 511 
703 895 575 
703 895 639 
703 895 703 
703 895 767 
703 895 831 
703 895 895 
703 895 959 
703 895 1023 
703 959 0 
703 959 63 
703 959 127 
703 959 191 
703 959 255 
703 959 319 
703 959 383 
703 959 447 
703 959 511 
703 959 575 
703 959 639 
703 959 703 
703 959 767 
703 959 831 
703 959 895 
703 959 959 
703 959 1023 
703 1023 0 
703 1023 63 
703 1023 127 
703 1023 191 
703 1023 255 
703 1023 319 
703 1023 383 
703 1023 447 
703 1023 511 
703 1023 575 
703 1023 639 
703 1023 703 
703 1023 767 
703 1023 831 
703 1023 895 
703 1023 959 
703 1023 1023 
767 0 0 
767 0 63 
767 0 127 
767 0 191 
767 0 255 
767 0 319 
767 0 383 
767 0 447 
767 0 511 
767 0 575 
767 0 639 
767 0 703 
767 0 767 
767 0 831 
767 0 895 
767 0 959 
767 0 1023 
767 63 0 
767 63 63 
767 63 127 
767 63 191 
767 63 255 
767 63 319 
767 63 383 
767 63 447 
767 63 511 
767 63 575 
767 63 639 
767 63 703 
767 63 767 
767 63 831 
767 63 895 
767 63 959 
767 63 1023 
767 127 0 
767 127 63 
767 127 127 
767 127 191 
767 127 255 
767 127 319 
767 127 383 
767 127 447 
767 127 511 
767 127 575 
767 127 639 
767 127 703 
767 127 767 
767 127 831 
767 127 895 
767 127 959 
767 127 1023 
767 191 0 
767 191 63 
767 191 127 
767 191 191 
767 191 255 
767 191 319 
767 191 383 
767 191 447 
767 191 511 
767 191 575 
767 191 639 
767 191 703 
767 191 767 
767 191 831 
767 191 895 
767 191 959 
767 191 1023 
767 255 0 
767 255 63 
767 255 127 
767 255 191 
767 255 255 
767 255 319 
767 255 383 
767 255 447 
767 255 511 
767 255 575 
767 255 639 
767 255 703 
767 255 767 
767 255 831 
767 255 895 
767 255 959 
767 255 1023 
767 319 0 
767 319 63 
767 319 127 
767 319 191 
767 319 255 
767 319 319 
767 319 383 
767 319 447 
767 319 511 
767 319 575 
767 319 639 
767 319 703 
767 319 767 
767 319 831 
767 319 895 
767 319 959 
767 319 1023 
767 383 0 
767 383 63 
767 383 127 
767 383 191 
767 383 255 
767 383 319 
767 383 383 
767 383 447 
767 383 511 
767 383 575 
767 383 639 
767 383 703 
767 383 767 
767 383 831 
767 383 895 
767 383 959 
767 383 1023 
767 447 0 
767 447 63 
767 447 127 
767 447 191 
767 447 255 
767 447 319 
767 447 383 
767 447 447 
767 447 511 
767 447 575 
767 447 639 
767 447 703 
767 447 767 
767 447 831 
767 447 895 
767 447 959 
767 447 1023 
767 511 0 
767 511 63 
767 511 127 
767 511 191 
767 511 255 
767 511 319 
767 511 383 
767 511 447 
767 511 511 
767 511 575 
767 511 639 
767 511 703 
767 511 767 
767 511 831 
767 511 895 
767 511 959 
767 511 1023 
767 575 0 
767 575 63 
767 575 127 
767 575 191 
767 575 255 
767 575 319 
767 575 383 
767 575 447 
767 575 511 
767 575 575 
767 575 639 
767 575 703 
767 575 767 
767 575 831 
767 575 895 
767 575 959 
767 575 1023 
767 639 0 
767 639 63 
767 639 127 
767 639 191 
767 639 255 
767 639 319 
767 639 383 
767 639 447 
767 639 511 
767 639 575 
767 639 639 
767 639 703 
767 639 767 
767 639 831 
767 639 895 
767 639 959 
767 639 1023 
767 703 0 
767 703 63 
767 703 127 
767 703 191 
767 703 255 
767 703 319 
767 703 383 
767 703 447 
767 703 511 
767 703 575 
767 703 639 
767 703 703 
767 703 767 
767 703 831 
767 703 895 
767 703 959 
767 703 1023 
767 767 0 
767 767 63 
767 767 127 
767 767 191 
767 767 255 
767 767 319 
767 767 383 
767 767 447 
767 767 511 
767 767 575 
767 767 639 
767 767 703 
767 767 767 
767 767 831 
767 767 895 
767 767 959 
767 767 1023 
767 831 0 
767 831 63 
767 831 127 
767 831 191 
767 831 255 
767 831 319 
767 831 383 
767 831 447 
767 831 511 
767 831 575 
767 831 639 
767 831 703 
767 831 767 
767 831 831 
767 831 895 
767 831 959 
767 831 1023 
767 895 0 
767 895 63 
767 895 127 
767 895 191 
767 895 255 
767 895 319 
767 895 383 
767 895 447 
767 895 511 
767 895 575 
767 895 639 
767 895 703 
767 895 767 
767 895 831 
767 895 895 
767 895 959 
767 895 1023 
767 959 0 
767 959 63 
767 959 127 
767 959 191 
767 959 255 
767 959 319 
767 959 383 
767 959 447 
767 959 511 
767 959 575 
767 959 639 
767 959 703 
767 959 767 
767 959 831 
767 959 895 
767 959 959 
767 959 1023 
767 1023 0 
767 1023 63 
767 1023 127 
767 1023 191 
767 1023 255 
767 1023 319 
767 1023 383 
767 1023 447 
767 1023 511 
767 1023 575 
767 1023 639 
767 1023 703 
767 1023 767 
767 1023 831 
767 1023 895 
767 1023 959 
767 1023 1023 
831 0 0 
831 0 63 
831 0 127 
831 0 191 
831 0 255 
831 0 319 
831 0 383 
831 0 447 
831 0 511 
831 0 575 
831 0 639 
831 0 703 
831 0 767 
831 0 831 
831 0 895 
831 0 959 
831 0 1023 
831 63 0 
831 63 63 
831 63 127 
831 63 191 
831 63 255 
831 63 319 
831 63 383 
831 63 447 
831 63 511 
831 63 575 
831 63 639 
831 63 703 
831 63 767 
831 63 831 
831 63 895 
831 63 959 
831 63 1023 
831 127 0 
831 127 63 
831 127 127 
831 127 191 
831 127 255 
831 127 319 
831 127 383 
831 127 447 
831 127 511 
831 127 575 
831 127 639 
831 127 703 
831 127 767 
831 127 831 
831 127 895 
831 127 959 
831 127 1023 
831 191 0 
831 191 63 
831 191 127 
831 191 191 
831 191 255 
831 191 319 
831 191 383 
831 191 447 
831 191 511 
831 191 575 
831 191 639 
831 191 703 
831 191 767 
831 191 831 
831 191 895 
831 191 959 
831 191 1023 
831 255 0 
831 255 63 
831 255 127 
831 255 191 
831 255 255 
831 255 319 
831 255 383 
831 255 447 
831 255 511 
831 255 575 
831 255 639 
831 255 703 
831 255 767 
831 255 831 
831 255 895 
831 255 959 
831 255 1023 
831 319 0 
831 319 63 
831 319 127 
831 319 191 
831 319 255 
831 319 319 
831 319 383 
831 319 447 
831 319 511 
831 319 575 
831 319 639 
831 319 703 
831 319 767 
831 319 831 
831 319 895 
831 319 959 
831 319 1023 
831 383 0 
831 383 63 
831 383 127 
831 383 191 
831 383 255 
831 383 319 
831 383 383 
831 383 447 
831 383 511 
831 383 575 
831 383 639 
831 383 703 
831 383 767 
831 383 831 
831 383 895 
831 383 959 
831 383 1023 
831 447 0 
831 447 63 
831 447 127 
831 447 191 
831 447 255 
831 447 319 
831 447 383 
831 447 447 
831 447 511 
831 447 575 
831 447 639 
831 447 703 
831 447 767 
831 447 831 
831 447 895 
831 447 959 
831 447 1023 
831 511 0 
831 511 63 
831 511 127 
831 511 191 
831 511 255 
831 511 319 
831 511 383 
831 511 447 
831 511 511 
831 511 575 
831 511 639 
831 511 703 
831 511 767 
831 511 831 
831 511 895 
831 511 959 
831 511 1023 
831 575 0 
831 575 63 
831 575 127 
831 575 191 
831 575 255 
831 575 319 
831 575 383 
831 575 447 
831 575 511 
831 575 575 
831 575 639 
831 575 703 
831 575 767 
831 575 831 
831 575 895 
831 575 959 
831 575 1023 
831 639 0 
831 639 63 
831 639 127 
831 639 191 
831 639 255 
831 639 319 
831 639 383 
831 639 447 
831 639 511 
831 639 575 
831 639 639 
831 639 703 
831 639 767 
831 639 831 
831 639 895 
831 639 959 
831 639 1023 
831 703 0 
831 703 63 
831 703 127 
831 703 191 
831 703 255 
831 703 319 
831 703 383 
831 703 447 
831 703 511 
831 703 575 
831 703 639 
831 703 703 
831 703 767 
831 703 831 
831 703 895 
831 703 959 
831 703 1023 
831 767 0 
831 767 63 
831 767 127 
831 767 191 
831 767 255 
831 767 319 
831 767 383 
831 767 447 
831 767 511 
831 767 575 
831 767 639 
831 767 703 
831 767 767 
831 767 831 
831 767 895 
831 767 959 
831 767 1023 
831 831 0 
831 831 63 
831 831 127 
831 831 191 
831 831 255 
831 831 319 
831 831 383 
831 831 447 
831 831 511 
831 831 575 
831 831 639 
831 831 703 
831 831 767 
831 831 831 
831 831 895 
831 831 959 
831 831 1023 
831 895 0 
831 895 63 
831 895 127 
831 895 191 
831 895 255 
831 895 319 
831 895 383 
831 895 447 
831 895 511 
831 895 575 
831 895 639 
831 895 703 
831 895 767 
831 895 831 
831 895 895 
831 895 959 
831 895 1023 
831 959 0 
831 959 63 
831 959 127 
831 959 191 
831 959 255 
831 959 319 
831 959 383 
831 959 447 
831 959 511 
831 959 575 
831 959 639 
831 959 703 
831 959 767 
831 959 831 
831 959 895 
831 959 959 
831 959 1023 
831 1023 0 
831 1023 63 
831 1023 127 
831 1023 191 
831 1023 255 
831 1023 319 
831 1023 383 
831 1023 447 
831 1023 511 
831 1023 575 
831 1023 639 
831 1023 703 
831 1023 767 
831 1023 831 
831 1023 895 
831 1023 959 
831 1023 1023 
895 0 0 
895 0 63 
895 0 127 
895 0 191 
895 0 255 
895 0 319 
895 0 383 
895 0 447 
895 0 511 
895 0 575 
895 0 639 
895 0 703 
895 0 767 
895 0 831 
895 0 895 
895 0 959 
895 0 1023 
895 63 0 
895 63 63 
895 63 127 
895 63 191 
895 63 255 
895 63 319 
895 63 383 
895 63 447 
895 63 511 
895 63 575 
895 63 639 
895 63 703 
895 63 767 
895 63 831 
895 63 895 
895 63 959 
895 63 1023 
895 127 0 
895 127 63 
895 127 127 
895 127 191 
895 127 255 
895 127 319 
895 127 383 
895 127 447 
895 127 511 
895 127 575 
895 127 639 
895 127 703 
895 127 767 
895 127 831 
895 127 895 
895 127 959 
895 127 1023 
895 191 0 
895 191 63 
895 191 127 
895 191 191 
895 191 255 
895 191 319 
895 191 383 
895 191 447 
895 191 511 
895 191 575 
895 191 639 
895 191 703 
895 191 767 
895 191 831 
895 191 895 
895 191 959 
895 191 1023 
895 255 0 
895 255 63 
895 255 127 
895 255 191 
895 255 255 
895 255 319 
895 255 383 
895 255 447 
895 255 511 
895 255 575 
895 255 639 
895 255 703 
895 255 767 
895 255 831 
895 255 895 
895 255 959 
895 255 1023 
895 319 0 
895 319 63 
895 319 127 
895 319 191 
895 319 255 
895 319 319 
895 319 383 
895 319 447 
895 319 511 
895 319 575 
895 319 639 
895 319 703 
895 319 767 
895 319 831 
895 319 895 
895 319 959 
895 319 1023 
895 383 0 
895 383 63 
895 383 127 
895 383 191 
895 383 255 
895 383 319 
895 383 383 
895 383 447 
895 383 511 
895 383 575 
895 383 639 
895 383 703 
895 383 767 
895 383 831 
895 383 895 
895 383 959 
895 383 1023 
895 447 0 
895 447 63 
895 447 127 
895 447 191 
895 447 255 
895 447 319 
895 447 383 
895 447 447 
895 447 511 
895 447 575 
895 447 639 
895 447 703 
895 447 767 
895 447 831 
895 447 895 
895 447 959 
895 447 1023 
895 511 0 
895 511 63 
895 511 127 
895 511 191 
895 511 255 
895 511 319 
895 511 383 
895 511 447 
895 511 511 
895 511 575 
895 511 639 
895 511 703 
895 511 767 
895 511 831 
895 511 895 
895 511 959 
895 511 1023 
895 575 0 
895 575 63 
895 575 127 
895 575 191 
895 575 255 
895 575 319 
895 575 383 
895 575 447 
895 575 511 
895 575 575 
895 575 639 
895 575 703 
895 575 767 
895 575 831 
895 575 895 
895 575 959 
895 575 1023 
895 639 0 
895 639 63 
895 639 127 
895 639 191 
895 639 255 
895 639 319 
895 639 383 
895 639 447 
895 639 511 
895 639 575 
895 639 639 
895 639 703 
895 639 767 
895 639 831 
895 639 895 
895 639 959 
895 639 1023 
895 703 0 
895 703 63 
895 703 127 
895 703 191 
895 703 255 
895 703 319 
895 703 383 
895 703 447 
895 703 511 
895 703 575 
895 703 639 
895 703 703 
895 703 767 
895 703 831 
895 703 895 
895 703 959 
895 703 1023 
895 767 0 
895 767 63 
895 767 127 
895 767 191 
895 767 255 
895 767 319 
895 767 383 
895 767 447 
895 767 511 
895 767 575 
895 767 639 
895 767 703 
895 767 767 
895 767 831 
895 767 895 
895 767 959 
895 767 1023 
895 831 0 
895 831 63 
895 831 127 
895 831 191 
895 831 255 
895 831 319 
895 831 383 
895 831 447 
895 831 511 
895 831 575 
895 831 639 
895 831 703 
895 831 767 
895 831 831 
895 831 895 
895 831 959 
895 831 1023 
895 895 0 
895 895 63 
895 895 127 
895 895 191 
895 895 255 
895 895 319 
895 895 383 
895 895 447 
895 895 511 
895 895 575 
895 895 639 
895 895 703 
895 895 767 
895 895 831 
895 895 895 
895 895 959 
895 895 1023 
895 959 0 
895 959 63 
895 959 127 
895 959 191 
895 959 255 
895 959 319 
895 959 383 
895 959 447 
895 959 511 
895 959 575 
895 959 639 
895 959 703 
895 959 767 
895 959 831 
895 959 895 
895 959 959 
895 959 1023 
895 1023 0 
895 1023 63 
895 1023 127 
895 1023 191 
895 1023 255 
895 1023 319 
895 1023 383 
895 1023 447 
895 1023 511 
895 1023 575 
895 1023 639 
895 1023 703 
895 1023 767 
895 1023 831 
895 1023 895 
895 1023 959 
895 1023 1023 
959 0 0 
959 0 63 
959 0 127 
959 0 191 
959 0 255 
959 0 319 
959 0 383 
959 0 447 
959 0 511 
959 0 575 
959 0 639 
959 0 703 
959 0 767 
959 0 831 
959 0 895 
959 0 959 
959 0 1023 
959 63 0 
959 63 63 
959 63 127 
959 63 191 
959 63 255 
959 63 319 
959 63 383 
959 63 447 
959 63 511 
959 63 575 
959 63 639 
959 63 703 
959 63 767 
959 63 831 
959 63 895 
959 63 959 
959 63 1023 
959 127 0 
959 127 63 
959 127 127 
959 127 191 
959 127 255 
959 127 319 
959 127 383 
959 127 447 
959 127 511 
959 127 575 
959 127 639 
959 127 703 
959 127 767 
959 127 831 
959 127 895 
959 127 959 
959 127 1023 
959 191 0 
959 191 63 
959 191 127 
959 191 191 
959 191 255 
959 191 319 
959 191 383 
959 191 447 
959 191 511 
959 191 575 
959 191 639 
959 191 703 
959 191 767 
959 191 831 
959 191 895 
959 191 959 
959 191 1023 
959 255 0 
959 255 63 
959 255 127 
959 255 191 
959 255 255 
959 255 319 
959 255 383 
959 255 447 
959 255 511 
959 255 575 
959 255 639 
959 255 703 
959 255 767 
959 255 831 
959 255 895 
959 255 959 
959 255 1023 
959 319 0 
959 319 63 
959 319 127 
959 319 191 
959 319 255 
959 319 319 
959 319 383 
959 319 447 
959 319 511 
959 319 575 
959 319 639 
959 319 703 
959 319 767 
959 319 831 
959 319 895 
959 319 959 
959 319 1023 
959 383 0 
959 383 63 
959 383 127 
959 383 191 
959 383 255 
959 383 319 
959 383 383 
959 383 447 
959 383 511 
959 383 575 
959 383 639 
959 383 703 
959 383 767 
959 383 831 
959 383 895 
959 383 959 
959 383 1023 
959 447 0 
959 447 63 
959 447 127 
959 447 191 
959 447 255 
959 447 319 
959 447 383 
959 447 447 
959 447 511 
959 447 575 
959 447 639 
959 447 703 
959 447 767 
959 447 831 
959 447 895 
959 447 959 
959 447 1023 
959 511 0 
959 511 63 
959 511 127 
959 511 191 
959 511 255 
959 511 319 
959 511 383 
959 511 447 
959 511 511 
959 511 575 
959 511 639 
959 511 703 
959 511 767 
959 511 831 
959 511 895 
959 511 959 
959 511 1023 
959 575 0 
959 575 63 
959 575 127 
959 575 191 
959 575 255 
959 575 319 
959 575 383 
959 575 447 
959 575 511 
959 575 575 
959 575 639 
959 575 703 
959 575 767 
959 575 831 
959 575 895 
959 575 959 
959 575 1023 
959 639 0 
959 639 63 
959 639 127 
959 639 191 
959 639 255 
959 639 319 
959 639 383 
959 639 447 
959 639 511 
959 639 575 
959 639 639 
959 639 703 
959 639 767 
959 639 831 
959 639 895 
959 639 959 
959 639 1023 
959 703 0 
959 703 63 
959 703 127 
959 703 191 
959 703 255 
959 703 319 
959 703 383 
959 703 447 
959 703 511 
959 703 575 
959 703 639 
959 703 703 
959 703 767 
959 703 831 
959 703 895 
959 703 959 
959 703 1023 
959 767 0 
959 767 63 
959 767 127 
959 767 191 
959 767 255 
959 767 319 
959 767 383 
959 767 447 
959 767 511 
959 767 575 
959 767 639 
959 767 703 
959 767 767 
959 767 831 
959 767 895 
959 767 959 
959 767 1023 
959 831 0 
959 831 63 
959 831 127 
959 831 191 
959 831 255 
959 831 319 
959 831 383 
959 831 447 
959 831 511 
959 831 575 
959 831 639 
959 831 703 
959 831 767 
959 831 831 
959 831 895 
959 831 959 
959 831 1023 
959 895 0 
959 895 63 
959 895 127 
959 895 191 
959 895 255 
959 895 319 
959 895 383 
959 895 447 
959 895 511 
959 895 575 
959 895 639 
959 895 703 
959 895 767 
959 895 831 
959 895 895 
959 895 959 
959 895 1023 
959 959 0 
959 959 63 
959 959 127 
959 959 191 
959 959 255 
959 959 319 
959 959 383 
959 959 447 
959 959 511 
959 959 575 
959 959 639 
959 959 703 
959 959 767 
959 959 831 
959 959 895 
959 959 959 
959 959 1023 
959 1023 0 
959 1023 63 
959 1023 127 
959 1023 191 
959 1023 255 
959 1023 319 
959 1023 383 
959 1023 447 
959 1023 511 
959 1023 575 
959 1023 639 
959 1023 703 
959 1023 767 
959 1023 831 
959 1023 895 
959 1023 959 
959 1023 1023 
1023 0 0 
1023 0 63 
1023 0 127 
1023 0 191 
1023 0 255 
1023 0 319 
1023 0 383 
1023 0 447 
1023 0 511 
1023 0 575 
1023 0 639 
1023 0 703 
1023 0 767 
1023 0 831 
1023 0 895 
1023 0 959 
1023 0 1023 
1023 63 0 
1023 63 63 
1023 63 127 
1023 63 191 
1023 63 255 
1023 63 319 
1023 63 383 
1023 63 447 
1023 63 511 
1023 63 575 
1023 63 639 
1023 63 703 
1023 63 767 
1023 63 831 
1023 63 895 
1023 63 959 
1023 63 1023 
1023 127 0 
1023 127 63 
1023 127 127 
1023 127 191 
1023 127 255 
1023 127 319 
1023 127 383 
1023 127 447 
1023 127 511 
1023 127 575 
1023 127 639 
1023 127 703 
1023 127 767 
1023 127 831 
1023 127 895 
1023 127 959 
1023 127 1023 
1023 191 0 
1023 191 63 
1023 191 127 
1023 191 191 
1023 191 255 
1023 191 319 
1023 191 383 
1023 191 447 
1023 191 511 
1023 191 575 
1023 191 639 
1023 191 703 
1023 191 767 
1023 191 831 
1023 191 895 
1023 191 959 
1023 191 1023 
1023 255 0 
1023 255 63 
1023 255 127 
1023 255 191 
1023 255 255 
1023 255 319 
1023 255 383 
1023 255 447 
1023 255 511 
1023 255 575 
1023 255 639 
1023 255 703 
1023 255 767 
1023 255 831 
1023 255 895 
1023 255 959 
1023 255 1023 
1023 319 0 
1023 319 63 
1023 319 127 
1023 319 191 
1023 319 255 
1023 319 319 
1023 319 383 
1023 319 447 
1023 319 511 
1023 319 575 
1023 319 639 
1023 319 703 
1023 319 767 
1023 319 831 
1023 319 895 
1023 319 959 
1023 319 1023 
1023 383 0 
1023 383 63 
1023 383 127 
1023 383 191 
1023 383 255 
1023 383 319 
1023 383 383 
1023 383 447 
1023 383 511 
1023 383 575 
1023 383 639 
1023 383 703 
1023 383 767 
1023 383 831 
1023 383 895 
1023 383 959 
1023 383 1023 
1023 447 0 
1023 447 63 
1023 447 127 
1023 447 191 
1023 447 255 
1023 447 319 
1023 447 383 
1023 447 447 
1023 447 511 
1023 447 575 
1023 447 639 
1023 447 703 
1023 447 767 
1023 447 831 
1023 447 895 
1023 447 959 
1023 447 1023 
1023 511 0 
1023 511 63 
1023 511 127 
1023 511 191 
1023 511 255 
1023 511 319 
1023 511 383 
1023 511 447 
1023 511 511 
1023 511 575 
1023 511 639 
1023 511 703 
1023 511 767 
1023 511 831 
1023 511 895 
1023 511 959 
1023 511 1023 
1023 575 0 
1023 575 63 
1023 575 127 
1023 575 191 
1023 575 255 
1023 575 319 
1023 575 383 
1023 575 447 
1023 575 511 
1023 575 575 
1023 575 639 
1023 575 703 
1023 575 767 
1023 575 831 
1023 575 895 
1023 575 959 
1023 575 1023 
1023 639 0 
1023 639 63 
1023 639 127 
1023 639 191 
1023 639 255 
1023 639 319 
1023 639 383 
1023 639 447 
1023 639 511 
1023 639 575 
1023 639 639 
1023 639 703 
1023 639 767 
1023 639 831 
1023 639 895 
1023 639 959 
1023 639 1023 
1023 703 0 
1023 703 63 
1023 703 127 
1023 703 191 
1023 703 255 
1023 703 319 
1023 703 383 
1023 703 447 
1023 703 511 
1023 703 575 
1023 703 639 
1023 703 703 
1023 703 767 
1023 703 831 
1023 703 895 
1023 703 959 
1023 703 1023 
1023 767 0 
1023 767 63 
1023 767 127 
1023 767 191 
1023 767 255 
1023 767 319 
1023 767 383 
1023 767 447 
1023 767 511 
1023 767 575 
1023 767 639 
1023 767 703 
1023 767 767 
1023 767 831 
1023 767 895 
1023 767 959 
1023 767 1023 
1023 831 0 
1023 831 63 
1023 831 127 
1023 831 191 
1023 831 255 
1023 831 319 
1023 831 383 
1023 831 447 
1023 831 511 
1023 831 575 
1023 831 639 
1023 831 703 
1023 831 767 
1023 831 831 
1023 831 895 
1023 831 959 
1023 831 1023 
1023 895 0 
1023 895 63 
1023 895 127 
1023 895 191 
1023 895 255 
1023 895 319 
1023 895 383 
1023 895 447 
1023 895 511 
1023 895 575 
1023 895 639 
1023 895 703 
1023 895 767 
1023 895 831 
1023 895 895 
1023 895 959 
1023 895 1023 
1023 959 0 
1023 959 63 
1023 959 127 
1023 959 191 
1023 959 255 
1023 959 319 
1023 959 383 
1023 959 447 
1023 959 511 
1023 959 575 
1023 959 639 
1023 959 703 
1023 959 767 
1023 959 831 
1023 959 895 
1023 959 959 
1023 959 1023 
1023 1023 0 
1023 1023 63 
1023 1023 127 
1023 1023 191 
1023 1023 255 
1023 1023 319 
1023 1023 383 
1023 1023 447 
1023 1023 511 
1023 1023 575 
1023 1023 639 
1023 1023 703 
1023 1023 767 
1023 1023 831 
1023 1023 895 
1023 1023 959 
1023 1023 1023 
