0	0	0
2	1	53
7	3	111
13	6	169
23	10	228
37	16	286
52	24	344
68	33	403
84	44	461
100	55	520
116	67	578
132	78	636
147	89	695
163	101	753
179	112	811
195	123	870
211	135	928
17	60	5
20	61	56
24	62	113
31	64	171
41	67	229
53	72	287
66	77	345
80	82	403
94	89	462
108	96	520
123	103	578
138	111	637
153	120	695
169	129	753
184	138	812
199	147	870
215	157	928
48	122	13
50	122	63
54	123	117
59	125	173
67	126	231
76	129	288
86	132	346
97	135	404
109	140	462
122	144	521
136	149	579
149	155	637
164	161	695
178	168	754
192	175	812
207	183	870
222	190	929
84	184	27
86	185	72
88	185	123
92	186	177
97	187	233
104	189	291
112	191	348
121	193	406
131	196	464
142	199	522
154	203	580
166	207	638
179	212	696
192	217	754
205	222	813
219	228	871
233	234	929
121	247	46
122	247	85
124	247	131
126	248	183
130	249	238
136	250	294
142	251	351
149	253	408
158	255	466
167	258	523
177	261	581
187	264	639
199	267	697
211	271	755
223	275	814
235	280	872
248	285	930
157	309	67
158	309	99
159	309	141
162	310	190
165	310	243
169	311	298
174	312	354
180	314	411
187	316	468
195	317	525
203	320	583
212	322	641
222	325	699
233	328	757
244	332	815
255	335	873
267	339	931
194	371	88
194	371	115
195	371	152
197	372	199
200	372	250
203	373	303
207	374	358
212	375	414
218	376	471
225	378	528
232	380	585
240	382	643
249	384	701
258	387	758
268	390	816
278	393	874
289	396	932
230	433	109
231	433	132
231	434	166
233	434	209
235	434	258
238	435	310
241	436	364
246	437	419
251	438	475
256	439	531
263	441	588
270	442	646
277	444	703
285	446	760
294	449	818
304	451	876
313	454	934
266	496	130
267	496	150
268	496	180
269	496	220
271	496	267
273	497	317
276	498	370
280	498	424
284	499	479
289	500	535
294	502	592
301	503	649
307	505	706
315	507	763
323	509	820
331	511	878
340	513	936
303	558	151
303	558	169
304	558	196
305	558	233
307	559	277
309	559	326
311	560	377
314	560	430
318	561	484
322	562	540
327	563	596
333	564	652
339	566	709
345	567	766
352	569	823
360	571	880
368	573	938
339	620	172
340	620	188
340	620	212
341	620	247
343	621	289
344	621	335
347	622	385
349	622	437
353	623	490
356	624	545
361	625	600
366	626	656
371	627	712
377	628	769
383	630	826
390	632	883
397	633	940
376	682	193
376	682	207
377	682	229
377	683	261
379	683	301
380	683	345
382	684	394
385	684	444
388	685	497
391	686	551
395	686	605
399	687	661
404	689	716
409	690	773
415	691	829
421	693	886
428	694	943
412	745	214
412	745	227
413	745	247
414	745	277
415	745	314
416	745	357
418	746	403
420	746	453
423	747	504
426	748	557
429	748	611
433	749	666
438	750	721
442	751	777
448	752	833
453	754	890
459	755	946
449	807	235
449	807	246
449	807	265
450	807	293
451	807	328
452	808	369
454	808	414
456	808	462
458	809	512
461	809	564
464	810	617
468	811	671
472	812	726
476	813	781
481	814	837
486	815	893
492	816	950
485	869	256
485	869	266
486	869	284
486	869	309
487	870	343
488	870	381
490	870	425
492	870	472
494	871	521
496	871	572
499	872	624
502	873	677
506	874	732
510	875	786
514	875	842
519	877	898
524	878	954
521	931	277
522	931	287
522	931	303
522	932	327
523	932	358
524	932	395
526	932	437
527	933	482
529	933	530
532	934	580
534	934	631
537	935	684
541	935	738
544	936	792
548	937	847
553	938	902
558	939	958
558	994	298
558	994	307
558	994	322
559	994	344
560	994	374
561	994	409
562	994	449
563	995	493
565	995	540
567	996	589
570	996	639
572	997	691
576	997	744
579	998	798
583	999	852
587	1000	907
591	1001	963
50	3	1
52	4	53
56	6	111
61	9	170
68	13	228
77	19	286
87	27	345
98	36	403
110	47	461
123	58	520
137	69	578
150	80	636
164	91	695
179	102	753
193	113	811
208	125	870
223	136	928
64	62	6
65	63	57
68	64	113
73	66	171
80	69	229
87	73	287
97	78	345
107	84	403
118	90	462
130	97	520
143	105	578
156	113	637
170	121	695
183	130	753
198	139	812
212	148	870
226	158	928
84	123	14
86	124	64
88	124	117
92	126	173
97	127	231
104	130	288
112	133	346
121	136	404
131	141	463
142	145	521
154	150	579
166	156	637
179	162	695
192	169	754
205	176	812
219	183	870
233	191	929
111	185	28
112	185	73
114	186	123
117	187	177
121	188	234
127	190	291
133	192	348
141	194	406
150	197	464
160	200	522
170	204	580
181	208	638
193	213	696
205	218	754
218	223	813
231	229	871
244	235	929
141	247	47
142	247	85
143	248	131
146	248	183
149	249	238
154	250	294
159	252	351
166	254	408
173	256	466
182	258	523
191	261	581
201	264	639
211	268	697
222	272	755
234	276	814
246	280	872
258	285	930
173	309	68
174	309	100
175	310	141
177	310	190
180	311	243
184	312	298
188	313	354
194	314	411
200	316	468
207	318	526
215	320	583
224	323	641
233	325	699
243	329	757
254	332	815
265	336	873
276	340	931
207	371	89
207	372	115
208	372	153
210	372	199
212	373	250
215	373	304
219	374	359
224	375	415
229	377	471
236	378	528
243	380	586
250	382	643
259	385	701
267	387	758
277	390	816
287	393	874
297	396	932
241	434	110
241	434	132
242	434	166
244	434	209
246	435	258
248	435	310
252	436	364
256	437	419
260	438	475
266	439	531
272	441	588
279	443	646
286	445	703
294	447	761
302	449	818
311	451	876
321	454	934
276	496	131
276	496	150
277	496	181
278	496	221
280	497	267
282	497	317
285	498	370
288	499	424
293	500	479
297	501	535
303	502	592
309	503	649
315	505	706
322	507	763
330	509	820
338	511	878
347	513	936
311	558	152
311	558	169
312	558	196
313	558	233
314	559	277
316	559	326
319	560	377
322	560	430
326	561	485
330	562	540
335	563	596
340	565	652
346	566	709
352	568	766
359	569	823
366	571	880
374	573	938
346	620	173
347	620	188
347	620	212
348	621	247
349	621	289
351	621	335
353	622	385
356	622	437
359	623	490
363	624	545
367	625	600
372	626	656
377	627	712
383	629	769
389	630	826
396	632	883
403	634	940
382	682	194
382	683	207
383	683	230
383	683	262
385	683	301
386	683	346
388	684	394
391	684	445
394	685	497
397	686	551
401	687	605
405	688	661
410	689	717
415	690	773
421	691	829
427	693	886
433	694	943
418	745	215
418	745	227
418	745	247
419	745	277
420	745	314
422	746	357
423	746	403
426	746	453
428	747	504
431	748	557
435	748	611
438	749	666
443	750	721
447	751	777
453	753	833
458	754	890
464	755	946
454	807	236
454	807	247
454	807	265
455	807	293
456	807	328
457	808	369
459	808	414
461	808	462
463	809	512
466	810	564
469	810	617
472	811	671
476	812	726
481	813	782
485	814	837
490	815	894
496	817	950
489	869	257
490	869	267
490	869	284
491	869	310
492	870	343
493	870	382
494	870	425
496	871	472
498	871	521
501	872	572
503	872	624
507	873	677
510	874	732
514	875	787
519	876	842
523	877	898
528	878	954
525	931	278
526	931	287
526	932	303
527	932	327
527	932	358
528	932	395
530	932	437
531	933	482
533	933	530
536	934	580
538	934	631
541	935	684
545	936	738
548	936	792
552	937	847
557	938	902
561	939	958
562	994	299
562	994	307
562	994	322
563	994	344
563	994	374
564	994	409
566	995	449
567	995	493
569	995	540
571	996	589
573	996	639
576	997	691
579	997	744
583	998	798
586	999	852
590	1000	907
595	1001	963
107	8	3
108	9	55
110	11	112
113	14	170
118	18	228
123	24	287
130	32	345
138	41	403
147	51	461
157	62	520
168	72	578
179	83	636
191	94	695
203	105	753
216	116	812
229	127	870
242	138	928
115	66	7
116	66	59
118	68	114
121	70	172
125	73	229
130	77	287
137	81	345
145	87	404
153	93	462
163	100	520
173	107	578
184	115	637
195	123	695
207	132	753
220	141	812
233	150	870
246	160	928
128	125	16
129	126	65
131	126	118
134	128	174
137	130	231
142	132	289
148	135	347
155	138	405
163	142	463
172	147	521
182	152	579
192	158	637
203	164	696
215	171	754
227	177	812
239	185	870
252	192	929
147	186	29
148	187	74
150	187	124
152	188	178
155	189	234
160	191	291
165	193	348
171	195	406
179	198	464
187	201	522
196	205	580
205	209	638
216	214	696
226	219	755
238	224	813
250	230	871
262	236	929
171	248	49
172	248	86
173	249	132
175	249	184
178	250	238
182	251	294
187	253	351
192	255	408
199	257	466
206	259	524
214	262	581
223	265	639
232	269	697
242	273	756
253	277	814
264	281	872
275	286	930
198	310	69
199	310	101
200	310	142
202	311	191
204	312	244
207	313	299
212	314	354
216	315	411
222	317	468
229	319	526
236	321	583
244	323	641
252	326	699
261	329	757
271	333	815
281	336	873
292	340	931
228	372	90
228	372	116
229	372	153
231	373	199
233	373	250
236	374	304
239	375	359
244	376	415
249	377	471
254	379	528
261	381	586
268	383	643
275	385	701
284	388	759
293	390	816
302	393	874
312	397	932
259	434	110
259	434	133
260	434	167
262	435	210
263	435	258
266	436	310
269	437	364
273	437	419
277	439	475
282	440	532
288	441	589
294	443	646
301	445	703
309	447	761
317	449	818
325	452	876
334	455	934
291	496	131
292	496	151
292	496	181
294	497	221
295	497	267
297	498	318
300	498	370
303	499	424
307	500	480
312	501	535
317	502	592
322	504	649
329	506	706
335	507	763
343	509	821
351	511	878
359	514	936
325	558	152
325	558	169
325	559	197
326	559	234
328	559	278
330	560	326
332	560	377
335	561	430
339	562	485
343	563	540
347	564	596
352	565	652
358	566	709
364	568	766
371	570	823
378	572	880
385	574	938
358	621	173
359	621	188
359	621	213
360	621	247
361	621	289
363	622	335
365	622	385
368	623	437
371	623	491
375	624	545
379	625	600
383	626	656
388	628	713
394	629	769
400	630	826
406	632	883
413	634	941
393	683	194
393	683	208
393	683	230
394	683	262
395	683	301
397	684	346
399	684	394
401	685	445
404	685	497
407	686	551
411	687	605
415	688	661
420	689	717
425	690	773
430	692	829
436	693	886
442	695	943
427	745	215
428	745	227
428	745	248
429	745	277
430	746	314
431	746	357
433	746	404
435	747	453
438	747	504
440	748	557
444	749	611
448	750	666
452	751	721
456	752	777
461	753	833
467	754	890
473	756	947
462	807	236
463	807	247
463	807	266
464	807	293
465	808	328
466	808	369
467	808	414
469	809	462
472	809	512
474	810	564
477	811	617
481	811	671
485	812	726
489	813	782
493	814	837
498	815	894
504	817	950
497	869	257
498	869	267
498	870	284
499	870	310
499	870	343
501	870	382
502	870	425
504	871	472
506	871	521
508	872	572
511	872	624
514	873	678
518	874	732
522	875	787
526	876	842
531	877	898
536	878	954
533	932	278
533	932	287
533	932	303
534	932	327
535	932	358
536	932	395
537	933	437
539	933	482
541	933	530
543	934	580
545	934	632
548	935	684
552	936	738
555	937	792
559	937	847
563	938	902
568	940	958
568	994	299
568	994	307
569	994	322
569	994	345
570	994	374
571	994	409
572	995	449
574	995	493
575	995	540
578	996	589
580	996	639
583	997	691
586	998	744
589	998	798
593	999	852
597	1000	907
601	1001	963
164	16	6
165	17	57
166	19	114
168	22	171
171	26	229
175	32	287
180	40	345
186	49	403
192	58	462
200	68	520
208	78	578
217	88	637
227	98	695
237	109	753
248	119	812
259	130	870
271	141	928
169	71	10
170	72	61
171	73	116
173	75	172
176	78	230
180	82	288
185	86	346
191	91	404
197	97	462
204	104	520
212	111	579
221	119	637
231	127	695
241	135	754
251	144	812
263	153	870
274	162	929
179	129	19
179	129	67
180	130	119
182	131	175
185	133	232
189	135	289
193	138	347
199	141	405
205	145	463
212	150	521
220	155	579
228	160	637
237	167	696
247	173	754
258	180	812
268	187	871
280	195	929
193	189	32
193	189	76
194	189	125
196	190	179
199	191	235
202	193	291
206	195	349
211	197	406
217	200	464
224	204	522
231	207	580
239	211	638
248	216	697
257	221	755
267	226	813
277	232	871
288	238	929
211	250	51
212	250	88
213	250	133
214	251	184
217	252	239
220	253	295
224	254	351
228	256	409
234	258	466
240	261	524
246	264	582
254	267	640
262	270	698
271	274	756
280	278	814
290	283	872
300	288	930
233	311	71
234	311	102
235	312	143
236	312	192
238	313	244
241	314	299
244	315	355
249	316	411
254	318	469
259	320	526
265	322	583
272	325	641
280	327	699
288	330	757
297	334	815
306	337	873
316	341	931
258	373	91
259	373	118
260	373	154
261	374	200
263	374	251
265	375	304
268	376	359
272	377	415
277	378	472
282	380	529
287	382	586
294	384	643
301	386	701
308	389	759
316	391	817
325	394	875
334	398	933
286	435	112
286	435	134
287	435	167
288	436	210
290	436	259
292	437	311
295	437	364
298	438	420
302	439	475
307	441	532
312	442	589
318	444	646
324	446	703
331	448	761
338	450	818
346	453	876
355	456	934
315	497	132
315	497	152
316	497	182
317	497	222
319	498	268
321	498	318
323	499	371
326	500	425
330	501	480
334	502	536
338	503	592
344	505	649
349	506	706
356	508	763
362	510	821
370	512	878
378	514	936
346	559	153
346	559	170
346	559	197
347	559	234
349	560	278
351	560	326
353	561	378
355	561	431
359	562	485
362	563	540
367	564	596
371	566	652
377	567	709
382	569	766
389	570	823
395	572	881
403	574	938
377	621	174
377	621	189
378	621	214
379	621	248
380	622	289
382	622	336
384	623	386
386	623	437
389	624	491
392	625	545
396	626	601
401	627	656
405	628	713
411	629	769
416	631	826
423	633	883
429	634	941
410	683	195
410	683	208
410	683	231
411	684	262
412	684	302
414	684	346
415	685	394
418	685	445
420	686	497
423	687	551
427	687	606
431	688	661
435	689	717
440	691	773
445	692	830
451	693	886
457	695	943
443	745	216
443	745	228
443	746	248
444	746	278
445	746	315
446	746	357
448	747	404
450	747	453
452	748	505
455	748	557
458	749	611
462	750	666
466	751	721
471	752	777
475	753	833
481	755	890
486	756	947
476	808	237
476	808	248
477	808	266
477	808	294
478	808	329
480	808	369
481	809	414
483	809	462
485	810	513
488	810	564
491	811	618
494	812	672
498	813	726
502	814	782
506	815	838
511	816	894
516	817	950
510	870	257
510	870	268
511	870	285
511	870	310
512	870	343
513	870	382
515	871	425
516	871	472
518	872	521
521	872	572
523	873	624
527	873	678
530	874	732
534	875	787
538	876	842
542	877	898
547	878	954
545	932	278
545	932	288
545	932	303
546	932	327
546	932	359
547	933	396
549	933	437
550	933	482
552	934	530
554	934	580
557	935	632
560	935	684
563	936	738
566	937	792
570	938	847
574	939	903
579	940	958
579	994	299
579	994	308
580	994	323
580	994	345
581	995	374
582	995	410
583	995	450
584	995	494
586	996	540
588	996	589
590	997	640
593	997	691
596	998	744
599	999	798
603	1000	853
607	1000	908
611	1001	963
221	28	10
222	29	61
222	31	115
224	34	172
226	38	230
229	44	288
233	51	346
237	59	404
242	67	462
248	76	520
255	85	579
262	94	637
270	104	695
278	114	754
287	124	812
297	135	870
307	145	929
225	79	15
225	80	64
226	81	117
228	83	174
230	85	231
233	89	288
237	93	346
241	98	404
246	103	463
252	110	521
258	116	579
265	124	637
273	131	696
281	140	754
290	148	812
300	157	870
310	166	929
232	133	23
232	134	70
233	134	121
235	136	176
237	137	233
240	140	290
243	142	348
247	146	405
252	149	463
258	154	521
264	159	580
271	164	638
279	170	696
287	176	754
296	183	813
305	190	871
315	198	929
242	192	37
243	192	79
244	193	127
245	193	180
247	195	236
250	196	292
253	198	349
257	200	407
262	203	465
267	206	523
273	210	581
280	214	639
287	219	697
295	223	755
304	229	813
313	234	871
322	240	930
257	252	55
258	252	90
258	253	135
260	253	186
262	254	240
264	255	295
267	257	352
271	258	409
275	261	466
280	263	524
286	266	582
292	269	640
299	272	698
307	276	756
315	280	814
324	285	872
333	290	930
275	313	74
276	313	104
276	314	144
278	314	193
279	315	245
282	316	300
284	317	355
288	318	412
292	320	469
297	322	526
302	324	584
308	326	642
315	329	699
322	332	757
329	335	815
338	339	873
346	343	931
296	374	94
297	375	119
297	375	156
298	375	201
300	376	252
302	376	305
305	377	360
308	379	416
312	380	472
316	381	529
321	383	586
327	385	644
333	388	701
340	390	759
347	393	817
354	396	875
363	399	933
320	436	114
320	436	136
321	436	169
322	437	211
323	437	260
325	438	311
328	439	365
331	440	420
334	441	476
338	442	532
343	443	589
348	445	646
354	447	703
360	449	761
367	451	819
374	454	876
382	457	934
346	498	134
346	498	153
347	498	183
348	498	223
349	499	269
351	499	319
353	500	371
356	501	425
359	502	480
363	503	536
367	504	592
372	506	649
377	507	706
383	509	763
389	511	821
396	513	878
403	515	936
373	560	155
374	560	172
374	560	198
375	560	235
376	561	279
378	561	327
380	562	378
382	562	431
385	563	485
389	564	541
393	565	596
397	566	653
402	568	709
407	569	766
413	571	823
419	573	881
426	575	938
402	622	175
403	622	190
403	622	215
404	622	249
405	623	290
406	623	336
408	623	386
411	624	438
413	625	491
416	626	546
420	627	601
424	628	657
429	629	713
433	630	770
439	632	826
445	633	884
451	635	941
433	684	196
433	684	209
433	684	231
434	684	263
435	685	302
436	685	347
438	685	395
440	686	445
443	686	498
445	687	551
449	688	606
452	689	661
457	690	717
461	691	773
466	693	830
472	694	887
477	696	944
464	746	217
464	746	229
464	746	249
465	746	279
466	747	315
467	747	358
469	747	404
471	748	454
473	748	505
475	749	558
479	750	612
482	751	666
486	752	722
490	753	777
495	754	834
500	755	890
505	757	947
495	808	237
496	808	248
496	808	267
497	808	294
497	809	329
499	809	370
500	809	415
502	810	463
504	810	513
506	811	565
509	811	618
512	812	672
516	813	727
520	814	782
524	815	838
529	816	894
534	818	950
528	870	258
528	870	268
528	870	285
529	870	311
530	871	344
531	871	383
532	871	426
534	872	472
536	872	521
538	873	572
541	873	625
544	874	678
547	875	732
550	876	787
554	877	842
559	878	898
563	879	954
561	932	279
561	932	288
561	933	304
562	933	328
563	933	359
564	933	396
565	933	438
566	934	483
568	934	531
570	935	581
573	935	632
575	936	685
578	937	738
582	937	792
586	938	847
590	939	903
594	940	959
594	995	300
594	995	309
595	995	323
595	995	345
596	995	375
597	995	410
598	995	450
599	996	494
601	996	541
603	997	589
605	997	640
608	998	692
611	998	745
614	999	798
617	1000	853
621	1001	908
625	1002	963
278	43	16
278	44	65
279	46	118
280	49	174
282	53	231
284	58	289
287	63	347
291	70	405
295	77	463
299	85	521
305	94	579
311	102	637
317	112	696
324	121	754
332	131	812
340	141	870
349	151	929
281	88	20
281	89	68
282	90	120
283	92	175
285	94	232
287	97	289
290	101	347
294	106	405
298	111	463
302	117	521
307	123	579
313	130	638
320	137	696
327	145	754
334	153	812
342	162	871
351	171	929
286	139	29
287	140	74
287	140	123
289	141	178
290	143	234
293	145	291
295	148	348
299	151	406
303	155	464
307	159	522
312	164	580
318	169	638
324	175	696
331	181	755
339	188	813
347	194	871
355	202	929
295	196	42
295	196	82
296	197	129
297	198	182
299	199	237
301	200	293
303	202	350
307	204	408
311	207	465
315	210	523
320	214	581
326	218	639
332	222	697
338	227	755
346	232	813
353	238	872
362	243	930
307	255	59
307	255	93
308	256	137
309	256	187
310	257	241
312	258	296
315	260	353
318	261	410
322	264	467
326	266	525
331	269	582
336	272	640
342	275	698
348	279	756
355	283	814
363	287	872
371	292	931
321	315	77
322	316	107
322	316	146
323	316	194
325	317	246
327	318	301
329	319	356
332	320	413
336	322	469
340	324	527
344	326	584
349	329	642
355	331	700
361	334	758
368	338	815
375	341	874
383	345	932
339	376	97
340	377	122
340	377	158
341	377	203
342	378	253
344	378	306
347	379	360
349	380	416
353	382	473
356	383	529
361	385	587
366	387	644
371	389	702
377	392	759
383	395	817
390	398	875
397	401	933
360	438	116
360	438	138
361	438	170
361	438	213
363	439	261
364	439	312
367	440	366
369	441	421
372	442	476
376	444	533
380	445	589
384	447	646
389	449	704
395	451	761
401	453	819
407	455	877
414	458	934
382	499	136
383	499	155
383	500	185
384	500	224
385	500	270
387	501	320
389	501	372
391	502	426
394	503	481
397	504	536
401	505	593
405	507	649
410	509	706
415	510	764
421	512	821
427	514	879
434	517	936
407	561	156
407	561	173
408	561	200
408	561	236
410	562	280
411	562	328
413	563	379
415	564	432
418	564	486
421	565	541
424	566	597
428	568	653
433	569	710
438	571	767
443	572	824
449	574	881
455	576	939
433	623	177
433	623	192
434	623	216
435	623	250
436	624	291
437	624	337
439	624	387
441	625	438
443	626	492
446	627	546
449	628	601
453	629	657
457	630	713
462	631	770
467	633	827
472	634	884
478	636	941
461	685	197
461	685	211
462	685	233
462	685	264
463	685	303
464	686	348
466	686	395
468	687	446
470	687	498
473	688	552
476	689	606
479	690	662
483	691	717
488	692	774
492	694	830
497	695	887
503	697	944
490	747	218
490	747	230
490	747	250
491	747	279
492	747	316
493	748	359
494	748	405
496	749	454
498	749	505
501	750	558
504	751	612
507	751	667
511	752	722
515	753	778
519	755	834
524	756	890
529	757	947
520	809	239
520	809	250
520	809	268
521	809	295
522	809	330
523	810	371
524	810	415
526	810	463
528	811	513
530	811	565
533	812	618
536	813	672
539	814	727
543	815	782
547	816	838
551	817	894
556	818	951
550	871	259
550	871	269
551	871	286
551	871	312
552	871	345
553	872	383
554	872	427
556	872	473
558	873	522
560	873	573
562	874	625
565	875	678
568	875	732
572	876	787
576	877	843
580	878	898
584	880	954
582	933	280
582	933	289
582	933	305
583	933	329
583	933	360
584	934	397
585	934	438
587	934	483
589	935	531
591	935	581
593	936	632
596	936	685
599	937	738
602	938	793
605	939	848
609	940	903
613	941	959
614	995	301
614	995	309
614	995	324
615	995	346
615	995	376
616	996	411
617	996	451
619	996	494
620	997	541
622	997	590
624	998	640
627	998	692
629	999	745
632	1000	799
636	1001	853
639	1001	908
643	1002	963
335	61	23
335	61	70
336	63	121
337	65	176
338	68	233
340	72	290
342	77	347
345	83	405
349	89	463
352	96	521
357	104	580
362	112	638
367	120	696
373	129	754
380	138	812
386	148	871
394	157	929
337	99	27
338	100	73
338	101	123
339	102	177
341	104	234
343	107	291
345	111	348
348	115	406
351	120	464
355	125	522
359	131	580
364	138	638
369	145	696
375	152	754
382	160	813
389	168	871
396	177	929
342	147	36
342	147	78
343	148	126
344	149	180
345	150	235
347	152	292
349	155	349
352	158	407
355	161	465
359	165	522
363	170	580
368	175	639
373	181	697
379	187	755
385	193	813
392	200	871
399	207	930
349	201	49
349	201	87
350	202	132
350	203	184
352	204	238
354	205	294
356	207	351
358	209	408
362	212	466
365	215	524
370	219	581
374	222	639
379	227	697
385	231	756
391	236	814
398	242	872
405	248	930
358	259	65
359	259	97
359	260	139
360	260	189
361	261	242
363	262	297
365	263	354
368	265	410
371	267	468
375	270	525
379	272	583
383	275	641
388	279	699
394	282	757
400	286	815
406	291	873
413	295	931
371	318	82
371	319	110
372	319	149
372	319	196
374	320	248
375	321	302
377	322	357
380	323	413
383	325	470
386	327	527
390	329	585
395	331	642
400	334	700
405	337	758
411	340	816
417	344	874
424	348	932
386	379	100
386	379	125
387	379	160
387	380	204
389	380	254
390	381	307
392	382	361
395	383	417
397	384	473
401	386	530
404	387	587
409	389	644
413	392	702
419	394	760
424	397	817
430	400	875
437	403	933
403	440	119
404	440	141
404	440	173
405	440	214
406	441	262
408	441	313
409	442	367
412	443	421
414	444	477
418	445	533
421	447	590
425	449	647
430	451	704
435	453	762
440	455	819
446	457	877
452	460	935
423	501	139
424	501	158
424	501	187
425	502	226
426	502	271
427	502	321
429	503	373
431	504	426
434	505	481
437	506	537
440	507	593
444	509	650
448	510	707
453	512	764
458	514	821
463	516	879
469	518	937
445	563	159
445	563	175
446	563	202
447	563	238
448	563	281
449	564	329
451	564	380
453	565	432
455	566	487
458	567	542
461	568	597
465	569	653
469	570	710
473	572	767
478	574	824
483	576	881
489	578	939
469	624	179
469	624	194
470	624	218
470	625	251
471	625	292
472	625	338
474	626	388
476	626	439
478	627	492
481	628	547
484	629	602
487	630	657
491	631	714
495	633	770
500	634	827
504	636	884
510	637	941
494	686	199
494	686	212
495	686	234
495	686	266
496	687	304
497	687	349
499	687	396
501	688	447
503	689	499
505	689	552
508	690	607
511	691	662
515	692	718
519	693	774
523	695	830
528	696	887
533	698	944
521	748	220
521	748	232
521	748	252
522	748	281
523	748	317
524	749	360
525	749	406
527	750	455
529	750	506
531	751	559
534	752	612
537	752	667
540	753	722
544	754	778
548	756	834
552	757	891
557	758	947
548	810	240
549	810	251
549	810	269
550	810	297
550	810	331
551	811	372
553	811	416
554	811	464
556	812	514
558	812	566
561	813	619
563	814	673
567	815	727
570	816	783
574	817	838
578	818	894
583	819	951
577	872	261
577	872	271
578	872	288
578	872	313
579	872	346
580	872	384
581	873	427
583	873	474
584	874	523
586	874	573
589	875	625
591	875	679
594	876	733
598	877	788
601	878	843
605	879	899
609	880	955
607	934	281
607	934	290
607	934	306
608	934	330
608	934	361
609	934	398
610	935	439
612	935	484
613	935	532
615	936	581
618	937	633
620	937	685
623	938	739
626	939	793
629	940	848
633	941	903
637	942	959
637	996	302
637	996	311
638	996	325
638	996	347
639	996	376
640	996	412
641	997	451
642	997	495
643	997	542
645	998	590
647	998	641
650	999	692
652	1000	745
655	1000	799
658	1001	853
662	1002	908
666	1003	964
392	78	31
392	78	76
393	79	125
394	81	179
395	84	234
396	87	291
398	92	349
401	97	406
403	102	464
407	109	522
410	115	580
414	123	638
419	131	696
424	139	755
430	147	813
436	156	871
442	165	929
394	111	36
394	112	79
395	112	127
396	114	180
397	116	235
398	118	292
400	122	349
402	126	407
405	130	465
408	135	523
412	141	581
416	147	639
421	153	697
426	160	755
431	168	813
437	176	871
444	184	930
398	155	44
398	155	84
398	156	130
399	157	182
400	158	237
402	160	293
404	163	350
406	166	408
409	169	465
412	173	523
416	177	581
420	182	639
424	187	697
429	193	755
435	199	813
440	206	872
447	213	930
403	207	56
404	207	91
404	208	135
405	209	186
406	210	240
407	211	296
409	213	352
412	215	409
414	218	467
417	221	524
421	224	582
425	228	640
430	232	698
434	237	756
440	242	814
446	247	872
452	252	930
412	264	71
412	264	102
412	264	143
413	265	191
414	266	244
416	267	299
417	268	355
420	270	411
422	272	469
425	274	526
429	277	583
433	280	641
437	283	699
442	287	757
447	291	815
453	295	873
459	299	931
422	322	87
422	322	114
423	323	152
424	323	198
425	324	249
426	325	303
428	326	358
430	327	414
432	329	471
435	330	528
439	333	585
443	335	643
447	338	701
452	341	758
457	344	816
462	347	874
468	351	932
435	382	105
435	382	128
436	382	163
436	383	207
437	383	256
439	384	308
440	385	363
443	386	418
445	387	474
448	389	531
451	390	588
455	392	645
459	395	702
463	397	760
468	400	818
474	403	876
480	406	933
450	442	123
451	442	144
451	443	175
452	443	216
453	443	264
454	444	315
456	445	368
458	446	422
460	447	478
463	448	534
466	449	591
469	451	647
473	453	705
478	455	762
482	457	820
488	460	877
493	462	935
468	503	142
468	503	160
468	503	189
469	504	228
470	504	273
471	505	322
473	505	374
475	506	427
477	507	482
480	508	538
483	509	594
486	511	650
490	512	707
494	514	765
498	516	822
503	518	879
509	520	937
487	564	162
487	564	178
488	565	204
488	565	240
489	565	283
490	566	330
492	566	381
494	567	433
496	568	487
498	569	542
501	570	598
505	571	654
508	572	711
512	574	767
516	576	824
521	577	882
526	579	939
508	626	181
509	626	196
509	626	220
510	626	253
510	626	294
512	627	339
513	627	389
515	628	440
517	629	493
519	629	547
522	630	602
525	632	658
528	633	714
532	634	771
536	636	827
541	637	884
546	639	942
531	687	201
532	687	215
532	688	236
532	688	267
533	688	306
534	688	350
536	689	397
537	689	448
539	690	500
541	691	553
544	691	607
547	692	663
550	694	718
554	695	774
558	696	831
562	698	887
567	699	944
556	749	222
556	749	233
556	749	253
557	749	282
558	750	319
559	750	361
560	750	407
561	751	456
563	751	507
565	752	559
568	753	613
570	754	668
574	755	723
577	756	778
581	757	835
585	758	891
589	760	948
581	811	242
582	811	253
582	811	271
582	811	298
583	811	332
584	812	373
585	812	417
587	812	465
588	813	515
590	814	566
593	814	619
595	815	673
598	816	728
602	817	783
605	818	839
609	819	895
613	820	951
608	873	262
608	873	272
609	873	289
609	873	314
610	873	347
611	873	385
612	874	428
613	874	474
615	875	523
617	875	574
619	876	626
621	877	679
624	877	733
627	878	788
631	879	843
634	880	899
638	881	955
636	935	283
636	935	292
636	935	308
637	935	331
637	935	362
638	935	399
639	936	440
641	936	485
642	936	532
644	937	582
646	937	633
648	938	686
651	939	739
654	940	793
657	941	848
661	942	904
665	943	959
665	997	303
665	997	312
665	997	326
666	997	348
666	997	377
667	997	413
668	998	452
669	998	496
671	998	542
672	999	591
674	999	641
676	1000	693
679	1000	746
682	1001	799
685	1002	854
688	1003	909
692	1004	964
449	95	42
449	95	82
450	96	129
450	98	182
451	100	237
453	103	293
454	107	350
456	111	407
459	116	465
461	122	523
465	128	581
468	135	639
472	142	697
476	149	755
481	157	813
486	165	872
492	174	930
451	124	46
451	124	85
451	125	131
452	126	183
453	128	238
454	131	294
456	134	351
458	137	408
460	141	466
463	146	523
466	151	581
470	157	639
474	163	697
478	170	755
483	177	814
488	184	872
494	192	930
454	164	54
454	165	90
454	165	134
455	166	185
456	168	239
457	170	295
459	172	352
461	175	409
463	178	466
466	181	524
469	186	582
473	190	640
477	195	698
481	201	756
486	207	814
491	213	872
496	220	930
459	214	64
459	215	97
459	215	139
460	216	189
461	217	242
462	218	297
464	220	354
466	222	410
468	224	468
471	227	525
474	231	583
477	234	641
481	238	699
485	243	757
490	247	815
495	253	873
501	258	931
466	269	78
466	269	107
466	270	146
467	270	194
468	271	246
469	272	301
471	273	356
473	275	413
475	277	469
477	279	527
481	282	584
484	285	642
488	288	700
492	292	758
497	295	816
502	300	874
507	304	932
475	326	93
475	327	119
475	327	155
476	327	201
477	328	251
478	329	305
480	330	360
481	331	415
484	333	472
486	335	529
489	337	586
493	339	644
496	342	701
500	345	759
505	348	817
510	351	875
515	355	933
486	385	110
486	385	133
487	386	166
487	386	209
488	387	258
489	387	310
491	388	364
493	389	419
495	391	475
497	392	531
500	394	588
503	396	646
507	398	703
511	400	761
515	403	818
520	406	876
525	409	934
499	445	127
500	445	148
500	445	178
501	446	219
501	446	266
502	447	316
504	448	369
506	448	423
508	450	479
510	451	535
513	452	591
516	454	648
520	456	705
524	458	763
528	460	820
532	463	878
537	465	935
515	506	146
515	506	164
515	506	192
516	506	230
517	507	275
518	507	323
519	508	375
521	508	429
523	509	483
525	510	539
528	512	595
531	513	651
534	515	708
538	516	765
542	518	822
547	521	880
551	523	937
532	567	165
532	567	181
533	567	206
533	567	242
534	567	284
535	568	332
536	568	382
538	569	434
540	570	488
542	571	543
545	572	599
548	573	655
551	574	711
554	576	768
558	578	825
563	579	882
567	581	940
551	628	184
551	628	199
552	628	222
552	628	255
553	628	295
554	629	341
555	629	390
557	630	441
559	631	494
561	631	548
563	632	603
566	633	659
569	635	715
573	636	771
576	637	828
581	639	885
585	641	942
572	689	204
572	689	217
572	689	238
573	689	269
574	690	307
575	690	351
576	690	399
577	691	449
579	692	501
581	692	554
584	693	608
586	694	663
589	695	719
592	696	775
596	698	831
600	699	888
604	701	945
594	751	224
594	751	236
595	751	255
595	751	284
596	751	320
597	751	362
598	752	408
599	752	457
601	753	508
603	754	560
605	754	614
608	755	668
611	756	723
614	757	779
617	758	835
621	760	891
625	761	948
618	812	244
618	812	255
618	812	273
619	813	300
619	813	334
620	813	374
621	813	418
623	814	466
624	814	516
626	815	567
628	816	620
631	816	674
634	817	728
637	818	784
640	819	839
643	820	895
647	822	952
643	874	264
643	874	274
643	874	291
644	874	316
644	874	348
645	875	386
646	875	429
647	875	475
649	876	524
651	876	575
653	877	627
655	878	680
658	879	734
661	879	789
664	880	844
667	881	899
671	883	955
669	936	285
669	936	294
669	936	309
670	936	333
670	936	363
671	936	400
672	937	441
673	937	486
675	938	533
676	938	583
678	939	634
680	939	686
683	940	740
686	941	794
689	942	849
692	943	904
696	944	960
696	998	305
696	998	313
696	998	328
696	998	350
697	998	379
698	998	414
699	999	453
700	999	497
701	999	543
703	1000	592
705	1000	642
707	1001	694
709	1002	746
712	1002	800
715	1003	854
718	1004	909
721	1005	964
506	112	53
506	112	89
507	113	134
507	114	185
508	116	239
509	119	295
511	122	352
512	126	409
514	130	466
517	135	524
519	141	582
523	147	640
526	154	698
530	161	756
534	168	814
539	176	872
544	184	930
508	138	57
508	138	92
508	139	136
509	140	186
509	141	240
511	144	296
512	146	352
514	149	409
516	153	467
518	158	524
521	162	582
524	168	640
527	173	698
531	180	756
535	186	814
540	193	872
545	201	930
510	175	63
510	175	96
511	176	139
511	177	189
512	178	242
513	180	297
515	182	353
516	184	410
518	187	468
521	191	525
523	195	583
526	199	641
530	204	698
534	209	756
538	215	815
542	221	873
547	227	931
514	222	73
515	222	103
515	223	144
516	224	192
516	225	245
517	226	299
519	228	355
520	230	412
523	232	469
525	235	526
528	238	584
531	241	641
534	245	699
538	250	757
542	254	815
546	259	873
551	265	931
520	275	85
521	275	113
521	276	151
522	276	197
522	277	249
523	278	303
525	279	358
526	281	414
528	283	471
531	285	528
533	288	585
536	291	643
540	294	700
543	297	758
547	301	816
552	305	874
557	309	932
528	331	99
529	331	124
529	332	159
529	332	204
530	333	254
531	334	307
533	335	361
534	336	417
536	338	473
538	339	530
541	341	587
544	344	644
547	346	702
551	349	759
555	352	817
559	356	875
564	359	933
538	389	115
538	389	137
539	390	170
539	390	212
540	391	260
541	391	312
542	392	365
544	393	420
546	395	476
548	396	532
551	398	589
554	400	646
557	402	704
560	404	761
564	407	819
568	410	877
573	413	934
550	449	132
550	449	152
550	449	182
551	449	222
552	450	268
553	450	318
554	451	371
556	452	425
557	453	480
560	454	536
562	456	592
565	457	649
568	459	706
572	461	763
575	463	821
579	466	878
584	468	936
564	509	150
564	509	168
564	509	195
565	509	232
565	509	277
566	510	325
568	511	377
569	511	430
571	512	484
573	513	540
575	515	595
578	516	652
581	518	709
585	519	766
588	521	823
592	523	880
597	526	938
579	569	169
579	569	184
580	569	209
580	569	244
581	570	287
582	570	333
583	571	384
584	571	436
586	572	489
588	573	544
591	574	599
593	575	655
596	577	712
599	578	768
603	580	825
607	582	883
611	584	940
596	630	188
597	630	202
597	630	225
597	630	257
598	631	297
599	631	343
600	631	391
601	632	442
603	633	495
605	634	549
607	634	604
610	636	659
613	637	715
616	638	772
619	640	828
623	641	885
627	643	942
615	691	207
615	691	220
616	691	241
616	691	271
617	692	309
618	692	353
619	692	400
620	693	450
622	694	502
624	694	555
626	695	609
628	696	664
631	697	719
634	698	775
637	700	832
641	701	888
645	703	945
636	752	227
636	752	238
636	752	258
636	753	286
637	753	322
638	753	364
639	754	409
640	754	458
642	755	509
644	755	561
646	756	615
648	757	669
651	758	724
654	759	780
657	760	836
660	761	892
664	763	948
657	814	247
658	814	257
658	814	275
658	814	302
659	814	336
660	815	375
661	815	420
662	815	467
663	816	517
665	816	568
667	817	621
669	818	674
672	819	729
675	820	784
678	821	840
681	822	896
685	823	952
680	875	267
681	875	276
681	876	293
681	876	318
682	876	350
683	876	388
684	876	431
685	877	477
686	877	525
688	878	576
690	878	627
692	879	681
694	880	734
697	881	789
700	882	844
703	883	900
707	884	956
705	937	287
705	937	296
705	937	311
705	937	334
706	938	365
707	938	401
708	938	442
709	938	487
710	939	534
712	939	584
714	940	635
716	941	687
718	941	740
720	942	795
723	943	849
726	944	904
730	945	960
730	999	307
730	999	315
730	999	330
731	999	351
731	999	380
732	1000	415
733	1000	455
734	1000	498
735	1000	544
737	1001	592
738	1001	643
740	1002	694
743	1003	747
745	1003	800
748	1004	855
751	1005	909
754	1006	965
563	129	64
563	129	97
564	130	139
564	131	189
565	133	242
566	135	297
567	138	354
569	141	410
570	145	468
572	150	525
575	155	583
578	160	641
581	166	699
584	173	757
588	180	815
592	187	873
596	195	931
564	152	67
565	152	99
565	153	141
565	154	190
566	155	243
567	157	298
568	160	354
570	163	411
572	166	468
574	170	525
576	175	583
579	179	641
582	185	699
585	191	757
589	197	815
593	203	873
597	210	931
567	186	73
567	186	104
567	187	144
568	188	192
568	189	245
569	191	299
571	193	355
572	195	412
574	198	469
576	201	526
578	205	584
581	209	641
584	214	699
587	219	757
591	224	815
595	230	873
599	236	931
570	231	82
571	231	110
571	232	149
571	232	196
572	233	248
573	235	302
574	236	357
576	238	413
577	240	470
580	243	527
582	246	585
585	249	642
588	253	700
591	257	758
595	262	816
599	267	874
603	272	932
576	282	93
576	282	119
576	283	155
577	283	201
577	284	252
578	285	305
579	286	360
581	288	415
583	290	472
585	292	529
587	294	586
590	297	644
593	300	701
596	304	759
600	307	817
604	311	875
608	316	933
583	337	106
583	337	130
583	337	164
584	338	208
584	338	257
585	339	309
586	340	363
588	342	418
590	343	474
592	345	531
594	347	588
597	349	645
599	352	703
603	354	760
606	358	818
610	361	876
614	365	934
591	394	121
592	394	142
592	394	174
592	395	216
593	395	263
594	396	314
595	397	367
597	398	422
598	399	477
600	401	534
602	402	590
605	404	647
608	406	704
611	409	762
615	411	819
618	414	877
622	417	935
602	452	138
602	453	157
602	453	186
603	453	225
603	453	270
604	454	320
605	455	372
607	456	426
609	457	481
610	458	537
613	459	593
615	461	650
618	463	707
621	465	764
625	467	821
628	469	879
632	472	936
614	512	155
614	512	172
615	512	199
615	512	235
616	513	279
617	513	327
618	514	378
619	515	431
621	516	485
622	517	541
625	518	596
627	519	653
630	521	709
633	523	766
636	524	824
640	527	881
644	529	938
628	572	173
628	572	188
628	572	213
629	572	247
630	573	289
630	573	335
631	574	385
633	574	437
634	575	491
636	576	545
638	577	600
641	578	656
643	580	713
646	581	769
650	583	826
653	585	883
657	587	941
644	632	192
644	632	205
644	633	228
644	633	260
645	633	300
646	633	345
647	634	393
648	635	444
650	635	496
651	636	550
654	637	605
656	638	660
658	639	716
661	641	772
664	642	829
668	644	886
672	645	943
661	693	211
661	693	223
661	693	244
662	694	274
662	694	312
663	694	355
664	695	402
665	695	451
667	696	503
668	696	556
670	697	610
673	698	665
675	699	720
678	701	776
681	702	832
684	703	889
688	705	946
679	754	230
680	754	241
680	755	260
680	755	289
681	755	324
682	755	365
682	756	411
684	756	459
685	757	510
687	757	562
689	758	615
691	759	670
693	760	725
696	761	780
699	762	836
702	763	892
706	765	949
699	816	249
700	816	260
700	816	277
700	816	304
701	816	338
701	816	377
702	817	421
704	817	468
705	818	518
707	818	569
708	819	622
710	820	675
713	821	730
715	822	785
718	823	840
721	824	896
725	825	953
721	877	269
721	877	279
721	877	295
721	877	320
722	878	352
723	878	390
724	878	432
725	878	478
726	879	526
728	879	577
729	880	628
731	881	681
734	882	735
736	882	790
739	883	845
742	885	900
745	886	956
743	939	289
743	939	298
744	939	313
744	939	336
744	939	367
745	939	403
746	940	444
747	940	488
748	940	535
750	941	585
752	941	636
753	942	688
756	943	741
758	944	795
761	944	850
764	945	905
767	947	961
767	1000	309
767	1000	317
767	1000	332
768	1001	353
768	1001	382
769	1001	417
770	1001	456
771	1001	499
772	1002	545
773	1002	593
775	1003	644
777	1003	695
779	1004	748
781	1005	801
784	1006	855
786	1007	910
789	1008	965
620	146	75
620	146	105
620	147	145
621	148	193
622	149	246
622	151	300
624	154	356
625	157	412
626	161	469
628	165	526
630	169	584
633	174	642
636	180	699
639	186	757
642	192	815
646	199	873
649	206	931
621	166	78
621	167	107
622	167	147
622	168	194
623	170	246
624	171	301
625	174	356
626	176	413
628	179	470
629	183	527
632	187	584
634	192	642
637	197	700
640	202	758
643	208	816
647	214	874
651	221	932
623	198	83
623	198	111
624	199	150
624	200	197
625	201	248
626	202	302
627	204	357
628	206	414
630	209	470
631	212	527
634	216	585
636	220	642
639	224	700
642	229	758
645	234	816
649	239	874
652	245	932
627	241	91
627	241	117
627	241	154
627	242	200
628	243	251
629	244	304
630	245	359
631	247	415
633	250	472
635	252	529
637	255	586
639	258	643
642	262	701
645	266	759
648	270	817
652	275	874
656	280	932
631	290	101
631	290	126
632	290	161
632	291	205
633	292	255
634	293	307
635	294	362
636	295	417
638	297	473
639	299	530
641	302	587
644	304	645
646	307	702
649	311	760
653	314	817
656	318	875
660	322	933
637	343	114
638	343	136
638	344	169
638	344	211
639	345	260
640	345	311
641	346	365
642	348	420
644	349	476
645	351	532
648	353	589
650	355	646
652	358	703
655	360	761
659	363	819
662	367	876
666	370	934
645	399	128
645	399	148
646	399	179
646	400	219
647	400	266
648	401	316
649	402	369
650	403	424
651	404	479
653	406	535
655	407	591
657	409	648
660	411	705
663	414	763
666	416	820
670	419	878
673	422	936
655	457	144
655	457	162
655	457	190
655	457	228
656	458	273
657	458	323
658	459	374
659	460	428
661	461	483
662	462	538
664	464	594
667	465	651
669	467	708
672	469	765
675	471	822
678	474	879
682	476	937
666	516	160
666	516	177
666	516	203
666	516	239
667	516	282
668	517	330
669	518	380
670	518	433
672	519	487
673	520	542
675	522	598
677	523	654
680	524	710
683	526	767
686	528	824
689	530	882
693	532	939
678	575	178
678	575	193
679	575	217
679	576	251
680	576	292
680	576	338
681	577	387
683	578	439
684	578	492
686	579	546
688	580	601
690	582	657
692	583	713
695	584	770
698	586	827
701	588	884
705	590	941
692	635	196
692	635	209
693	635	231
693	636	263
694	636	302
694	636	347
695	637	395
697	637	445
698	638	498
700	639	551
701	640	606
704	641	661
706	642	717
709	643	773
711	645	830
715	647	887
718	648	944
708	696	214
708	696	227
708	696	247
709	696	277
709	696	314
710	697	357
711	697	403
712	698	453
713	698	504
715	699	557
717	700	611
719	701	666
721	702	721
724	703	777
727	704	833
730	706	890
733	707	946
725	757	233
725	757	245
725	757	263
726	757	291
726	757	327
727	757	368
728	758	413
729	758	461
730	759	511
732	760	563
734	760	617
736	761	671
738	762	726
740	763	781
743	764	837
746	766	893
749	767	950
744	818	253
744	818	263
744	818	280
744	818	306
745	818	340
745	818	379
746	819	423
747	819	470
749	820	519
750	820	570
752	821	623
754	822	676
756	823	731
758	824	786
761	825	841
764	826	897
767	827	953
763	879	272
763	879	282
764	879	298
764	879	322
764	879	354
765	880	391
766	880	434
767	880	479
768	881	528
770	881	578
771	882	629
773	883	682
775	883	736
778	884	791
780	885	846
783	886	901
786	888	957
784	940	292
784	940	301
785	940	316
785	941	339
785	941	369
786	941	405
787	941	445
788	942	490
789	942	537
790	943	586
792	943	637
794	944	689
796	944	742
798	945	796
801	946	851
803	947	906
806	948	961
806	1002	312
806	1002	320
807	1002	334
807	1002	355
807	1002	384
808	1002	418
809	1003	457
810	1003	500
811	1003	546
812	1004	595
814	1004	645
816	1005	696
818	1006	748
820	1006	802
822	1007	856
825	1008	911
828	1009	966
677	163	86
677	163	114
677	164	151
678	164	198
678	166	249
679	168	303
680	170	358
681	173	414
683	176	471
684	180	528
686	184	585
689	189	643
691	194	700
694	199	758
697	205	816
700	212	874
703	218	932
678	181	89
678	182	116
678	182	153
679	183	199
679	184	250
680	186	304
681	188	359
682	190	415
684	193	471
685	197	528
687	201	586
690	205	643
692	210	701
695	215	758
698	220	816
701	226	874
704	232	932
680	211	94
680	211	119
680	211	156
681	212	201
681	213	252
682	215	305
683	216	360
684	219	416
686	221	472
687	224	529
689	227	586
691	231	644
694	235	701
696	240	759
699	244	817
703	250	875
706	255	933
683	251	101
683	251	125
683	251	160
684	252	205
684	253	254
685	254	307
686	255	362
687	257	417
689	259	473
690	262	530
692	265	587
694	268	644
697	271	702
699	275	760
702	279	817
705	284	875
709	288	933
687	298	110
687	298	133
687	299	166
688	299	209
688	300	258
689	301	310
690	302	364
691	303	419
693	305	475
694	307	532
696	310	588
698	312	646
701	315	703
703	318	761
706	322	818
710	326	876
713	330	934
693	350	122
693	350	143
693	350	174
693	351	216
694	351	263
695	352	314
696	353	367
697	354	422
698	356	477
700	358	534
702	359	590
704	362	647
706	364	704
709	367	762
712	370	819
715	373	877
718	376	935
700	405	135
700	405	154
700	405	184
700	406	223
701	406	269
702	407	319
703	408	372
704	409	425
705	410	481
707	411	536
709	413	593
711	415	649
713	417	706
716	419	764
718	422	821
722	424	879
725	427	936
708	462	150
708	462	168
708	462	195
709	462	232
709	463	277
710	463	325
711	464	377
712	465	430
714	466	484
715	467	539
717	468	595
719	470	652
721	472	709
724	474	766
727	476	823
730	478	880
733	481	938
718	520	166
718	520	182
718	520	207
719	520	243
719	521	285
720	521	332
721	522	382
722	522	435
723	523	489
725	524	543
727	526	599
729	527	655
731	529	711
734	530	768
736	532	825
739	534	882
743	536	940
730	579	183
730	579	197
730	579	221
730	579	254
731	580	295
731	580	340
732	581	389
733	581	441
735	582	494
736	583	548
738	584	603
740	585	658
742	586	714
745	588	771
747	590	828
750	591	885
754	593	942
742	638	200
743	639	214
743	639	235
743	639	267
744	639	305
744	640	349
745	640	397
746	641	447
748	641	499
749	642	553
751	643	607
753	644	662
755	645	718
757	647	774
760	648	831
763	650	887
766	651	944
757	699	219
757	699	231
757	699	251
757	699	280
758	699	317
759	700	359
759	700	405
760	701	455
762	701	506
763	702	558
765	703	612
767	704	667
769	705	722
771	706	778
774	707	834
777	709	890
780	710	947
772	759	237
773	759	248
773	759	267
773	760	294
774	760	329
774	760	370
775	760	415
776	761	463
777	761	513
779	762	565
780	763	618
782	764	672
784	765	727
787	766	782
789	767	838
792	768	894
795	770	950
789	820	256
790	820	266
790	820	283
790	820	309
791	821	342
791	821	381
792	821	425
793	822	471
794	822	521
796	823	572
797	823	624
799	824	677
801	825	732
803	826	786
806	827	842
808	828	898
811	829	954
808	881	275
808	881	285
808	881	301
808	881	325
809	882	356
809	882	394
810	882	436
811	882	481
812	883	529
814	883	579
815	884	631
817	885	683
819	886	737
821	886	791
823	887	846
826	888	902
829	890	958
827	942	295
827	942	303
828	942	318
828	943	341
828	943	371
829	943	407
830	943	447
831	944	491
832	944	538
833	944	587
834	945	638
836	946	690
838	946	743
840	947	797
842	948	851
845	949	906
848	950	962
848	1004	315
848	1004	323
848	1004	336
849	1004	358
849	1004	386
850	1004	420
850	1005	459
851	1005	502
852	1005	548
853	1006	596
855	1006	646
857	1007	697
858	1007	749
860	1008	803
863	1009	857
865	1010	911
868	1011	967
734	180	97
734	180	122
734	180	158
735	181	203
735	183	253
736	184	306
737	186	361
738	189	416
739	192	473
741	195	529
742	199	587
744	203	644
747	208	702
749	213	759
752	219	817
755	225	875
758	231	933
735	197	100
735	197	124
735	197	160
736	198	204
736	199	254
737	201	307
738	203	361
739	205	417
740	208	473
742	211	530
743	214	587
745	218	644
748	223	702
750	228	760
753	233	817
756	238	875
759	244	933
737	224	104
737	224	128
737	225	162
737	225	206
738	226	256
739	228	308
739	229	362
740	231	418
742	234	474
743	236	531
745	239	588
747	243	645
749	247	702
752	251	760
754	256	818
757	261	876
760	266	933
739	262	110
739	262	133
740	262	167
740	263	210
741	264	258
741	265	310
742	266	364
743	268	419
744	270	475
746	272	532
748	275	589
750	278	646
752	281	703
754	285	761
757	289	818
760	293	876
763	298	934
743	307	119
743	307	141
743	308	173
744	308	214
744	309	262
745	310	313
746	311	367
747	312	421
748	314	477
750	316	533
751	318	590
753	321	647
755	323	704
758	327	762
761	330	819
763	334	877
767	338	935
748	357	130
748	358	150
748	358	180
749	358	220
749	359	267
750	360	317
751	361	370
752	362	424
753	363	479
755	365	535
756	367	592
758	369	649
760	371	706
763	374	763
765	377	820
768	380	878
771	383	936
754	411	143
755	411	161
755	411	189
755	412	228
756	412	273
756	413	322
757	414	374
758	415	428
759	416	482
761	417	538
763	419	594
765	421	651
767	423	707
769	425	765
772	428	822
774	430	879
778	433	937
762	467	157
762	467	174
763	467	200
763	468	237
763	468	280
764	469	328
765	469	379
766	470	432
767	471	486
769	472	541
770	474	597
772	475	653
774	477	710
776	479	767
779	481	824
782	483	881
785	486	939
771	524	172
771	524	187
772	525	212
772	525	247
772	525	288
773	526	335
774	526	385
775	527	437
776	528	490
778	529	545
779	530	600
781	532	656
783	533	712
785	535	769
788	537	826
791	539	883
794	541	940
782	583	188
782	583	202
782	583	225
782	583	258
783	584	298
783	584	343
784	585	392
785	585	443
786	586	495
788	587	549
789	588	604
791	589	660
793	590	716
796	592	772
798	594	829
801	595	885
804	597	943
793	642	206
794	642	218
794	642	240
794	642	270
795	643	308
795	643	352
796	644	399
797	644	449
798	645	501
800	646	554
801	647	608
803	648	663
805	649	719
807	650	775
810	652	831
812	653	888
815	655	945
807	702	223
807	702	235
807	702	255
807	702	283
808	702	320
808	703	362
809	703	408
810	704	456
811	704	507
813	705	560
814	706	613
816	707	668
818	708	723
820	709	779
822	710	835
825	712	891
828	713	948
821	762	241
821	762	252
821	762	270
822	762	298
822	763	332
823	763	372
824	763	417
824	764	464
826	764	514
827	765	566
828	766	619
830	766	673
832	767	728
834	768	783
836	770	839
839	771	895
842	772	951
837	823	260
837	823	270
837	823	287
837	823	312
838	823	345
838	823	384
839	824	427
840	824	473
841	825	522
843	825	573
844	826	625
846	827	678
847	827	733
850	828	787
852	830	843
854	831	898
857	832	955
854	883	279
854	883	288
854	884	304
854	884	328
855	884	359
855	884	396
856	884	438
857	885	483
858	885	531
859	886	580
861	886	632
862	887	684
864	888	738
866	889	792
868	890	847
871	891	903
874	892	958
872	944	298
872	944	307
872	945	321
873	945	344
873	945	373
874	945	409
874	945	449
875	946	493
876	946	540
877	947	589
879	947	639
880	948	691
882	949	744
884	949	798
886	950	852
889	951	907
891	952	963
891	1006	318
891	1006	325
892	1006	339
892	1006	360
892	1006	388
893	1006	422
893	1006	461
894	1007	504
895	1007	549
897	1008	597
898	1008	647
899	1009	698
901	1009	750
903	1010	804
905	1011	858
907	1012	912
910	1013	967
791	197	108
791	197	132
791	197	165
792	198	209
792	199	257
793	201	310
794	203	364
795	205	419
796	208	475
797	211	531
799	214	588
801	218	645
803	223	703
805	228	760
807	233	818
810	238	876
813	244	934
792	212	111
792	212	133
792	213	167
793	214	210
793	215	258
794	216	310
794	218	364
795	220	419
797	222	475
798	225	532
800	229	589
801	232	646
803	236	703
806	241	761
808	246	818
811	251	876
814	256	934
793	237	114
794	238	137
794	238	169
794	239	212
795	240	260
795	241	312
796	242	365
797	244	420
798	247	476
799	249	532
801	252	589
803	255	646
805	259	704
807	263	761
809	267	819
812	272	876
815	277	934
796	273	120
796	273	142
796	274	173
796	274	215
797	275	263
798	276	314
798	277	367
799	279	422
800	281	477
802	283	533
803	286	590
805	289	647
807	292	704
809	295	762
812	299	819
814	303	877
817	308	935
799	317	129
799	317	149
800	317	179
800	318	220
800	318	266
801	319	317
802	320	369
803	322	424
804	323	479
805	325	535
807	327	591
809	330	648
811	332	705
813	336	763
815	339	820
818	342	878
821	346	936
804	366	139
804	366	157
804	366	186
805	366	225
805	367	271
806	368	321
806	369	373
807	370	426
808	371	481
810	373	537
811	375	593
813	377	650
815	379	707
817	381	764
820	384	821
822	387	879
825	391	937
810	418	151
810	418	168
810	418	195
810	419	233
811	419	277
811	420	325
812	420	377
813	421	430
814	423	484
816	424	540
817	426	596
819	427	652
821	429	709
823	432	766
825	434	823
828	437	880
831	440	938
817	473	164
817	473	180
817	473	206
817	473	241
818	474	284
818	474	331
819	475	382
820	476	434
821	477	488
822	478	543
824	479	598
826	481	654
828	483	711
830	485	768
832	487	825
835	489	882
838	491	939
825	529	179
825	529	193
825	530	217
826	530	251
826	530	292
827	531	338
827	531	388
828	532	439
829	533	492
831	534	547
832	535	602
834	536	657
836	538	714
838	540	770
840	541	827
843	543	884
846	546	941
835	587	194
835	587	208
835	587	230
835	588	262
836	588	302
836	588	346
837	589	394
838	590	445
839	590	497
840	591	551
842	592	606
843	593	661
845	595	717
847	596	773
850	598	830
852	600	886
855	602	943
845	646	211
845	646	223
846	646	244
846	646	274
846	647	312
847	647	355
848	647	402
849	648	451
850	649	503
851	649	556
852	650	610
854	651	665
856	653	720
858	654	776
860	655	832
863	657	889
865	659	946
857	705	228
858	705	240
858	705	259
858	706	287
859	706	323
859	706	365
860	707	410
861	707	459
862	708	509
863	708	562
864	709	615
866	710	669
868	711	724
870	712	780
872	714	836
874	715	892
877	717	949
871	765	246
871	765	257
871	765	274
871	765	301
872	766	335
872	766	375
873	766	419
874	767	467
875	767	516
876	768	568
878	769	621
879	770	674
881	771	729
883	772	784
885	773	840
887	774	896
890	775	952
885	825	264
886	825	274
886	826	291
886	826	316
886	826	348
887	826	386
888	827	429
889	827	475
890	827	524
891	828	575
892	829	627
894	829	680
895	830	734
897	831	788
899	832	844
902	833	899
904	835	955
901	886	283
901	886	292
902	886	307
902	886	331
902	886	362
903	887	398
903	887	440
904	887	485
905	888	532
906	888	582
908	889	633
909	890	686
911	890	739
913	891	793
915	892	848
917	893	904
920	894	959
918	947	302
918	947	310
918	947	325
919	947	347
919	947	376
920	947	411
920	948	451
921	948	495
922	948	541
923	949	590
925	950	641
926	950	692
928	951	745
929	952	799
932	953	853
934	954	908
936	955	963
936	1008	321
936	1008	329
937	1008	342
937	1008	363
937	1008	391
938	1008	425
938	1009	463
939	1009	506
940	1009	551
941	1010	599
942	1010	648
944	1011	699
945	1012	752
947	1012	805
949	1013	859
951	1014	913
954	1015	968
848	214	120
848	214	141
848	214	173
849	215	214
849	216	262
850	217	313
850	219	367
851	221	421
852	224	477
854	227	533
855	230	590
857	234	647
859	238	704
861	242	762
863	247	819
865	252	877
868	258	935
849	228	122
849	228	143
849	229	174
849	229	216
850	230	263
850	232	314
851	233	367
852	235	422
853	237	477
854	240	534
856	243	590
857	247	647
859	250	704
861	255	762
864	259	819
866	264	877
869	269	935
850	251	125
850	252	146
850	252	177
851	253	217
851	253	265
852	255	315
853	256	368
853	258	423
854	260	478
856	262	534
857	265	591
859	268	648
861	272	705
863	276	762
865	280	820
867	284	877
870	289	935
852	285	131
853	285	150
853	286	180
853	286	221
853	287	267
854	288	317
855	289	370
856	291	424
857	293	479
858	295	535
859	297	592
861	300	649
863	303	706
865	306	763
867	310	820
869	314	878
872	318	936
856	327	138
856	327	157
856	327	186
856	328	225
857	328	271
857	329	320
858	330	372
859	332	426
860	333	481
861	335	537
862	337	593
864	339	650
866	342	707
868	345	764
870	348	821
873	352	879
875	355	937
860	374	148
860	374	165
860	374	193
860	375	231
861	375	275
861	376	324
862	377	376
863	378	429
864	379	484
865	381	539
867	383	595
868	385	651
870	387	708
872	390	765
874	392	823
877	395	880
879	399	938
865	425	159
865	425	175
865	426	202
866	426	238
866	426	281
867	427	329
867	428	380
868	429	432
869	430	487
870	431	542
872	433	597
873	434	653
875	436	710
877	439	767
879	441	824
882	444	881
884	446	939
872	479	172
872	479	187
872	479	212
872	480	246
873	480	288
873	481	335
874	481	385
875	482	437
876	483	490
877	484	545
878	486	600
880	487	656
882	489	712
884	491	769
886	493	826
888	495	883
891	497	940
879	535	186
879	535	200
879	535	223
880	535	256
880	536	296
881	536	342
881	537	390
882	537	442
883	538	494
884	539	548
886	541	603
887	542	659
889	543	715
891	545	771
893	547	828
896	549	885
898	551	942
888	592	201
888	592	214
888	592	236
888	592	267
889	593	305
889	593	349
890	594	397
891	594	447
892	595	499
893	596	553
895	597	607
896	598	662
898	599	718
900	601	774
902	603	831
904	604	887
907	606	944
898	650	217
898	650	229
898	650	249
898	651	279
899	651	316
899	651	358
900	652	404
901	652	454
902	653	505
903	654	558
904	655	612
906	656	666
908	657	722
910	658	777
912	660	834
914	661	890
916	663	947
909	709	233
909	709	245
909	709	264
910	709	291
910	710	327
911	710	368
911	710	413
912	711	461
913	712	511
914	712	563
916	713	617
917	714	671
919	715	726
921	716	781
923	717	837
925	719	893
927	720	950
922	769	251
922	769	261
922	769	279
922	769	305
922	769	339
923	769	378
924	770	422
924	770	469
925	771	518
927	771	570
928	772	622
929	773	676
931	774	730
933	775	785
935	776	841
937	777	897
939	779	953
935	829	269
935	829	278
935	829	295
936	829	319
936	829	351
937	829	389
937	830	432
938	830	478
939	831	526
940	831	576
941	832	628
943	833	681
944	833	735
946	834	790
948	835	845
950	837	900
953	838	956
950	889	287
950	889	296
950	889	311
950	889	334
951	889	365
951	889	401
952	890	442
953	890	487
954	891	534
955	891	584
956	892	635
957	892	687
959	893	741
961	894	795
963	895	849
965	896	905
967	897	960
966	949	306
966	949	314
966	949	328
966	950	350
967	950	379
967	950	414
968	950	454
968	951	497
969	951	543
970	952	592
972	952	642
973	953	694
975	953	746
976	954	800
978	955	854
980	956	909
983	957	964
983	1010	325
983	1010	332
983	1010	346
983	1010	366
983	1011	394
984	1011	427
985	1011	466
985	1011	508
986	1012	553
987	1012	600
988	1013	650
990	1013	701
991	1014	753
993	1015	806
995	1015	860
997	1016	914
999	1017	969
905	231	131
905	231	150
905	231	181
906	232	221
906	233	267
907	234	317
907	236	370
908	238	424
909	240	479
910	243	535
912	246	592
913	249	649
915	253	706
917	257	763
919	262	820
921	266	878
923	272	936
906	244	132
906	244	152
906	244	182
906	245	222
907	246	268
907	247	318
908	249	371
909	250	425
910	253	480
911	255	536
912	258	592
914	261	649
915	265	706
917	269	763
919	273	821
922	278	878
924	283	936
907	266	136
907	266	155
907	266	184
908	267	224
908	268	269
909	269	319
909	270	372
910	272	426
911	274	481
912	276	536
913	279	593
915	282	649
917	285	706
918	289	764
921	292	821
923	297	879
925	301	936
909	298	141
909	298	159
909	298	188
910	299	227
910	299	272
911	300	321
911	302	373
912	303	427
913	305	482
914	307	537
915	309	594
917	312	650
919	315	707
920	318	764
923	321	822
925	325	879
927	329	937
912	338	148
912	338	166
912	338	193
913	338	231
913	339	275
913	340	324
914	341	376
915	342	429
916	344	484
917	345	539
918	347	595
920	350	651
921	352	708
923	355	765
925	358	823
928	361	880
930	365	938
916	383	157
916	383	173
916	384	200
916	384	237
917	384	280
917	385	328
918	386	379
919	387	432
920	388	486
921	390	541
922	392	597
924	394	653
925	396	710
927	398	767
929	401	824
931	404	881
934	407	939
921	433	167
921	433	183
921	433	208
921	434	244
922	434	286
922	435	333
923	436	383
924	436	435
925	438	489
926	439	544
927	440	599
928	442	655
930	444	712
932	446	768
934	448	825
936	451	882
939	454	940
927	486	179
927	486	194
927	486	218
927	486	252
928	487	293
928	487	339
929	488	388
930	489	439
930	490	493
932	491	547
933	492	602
934	494	658
936	495	714
938	497	770
940	499	827
942	501	884
944	504	941
934	541	193
934	541	207
934	541	229
934	541	261
935	542	301
935	542	345
936	543	394
937	543	444
937	544	497
939	545	551
940	546	605
941	548	661
943	549	716
945	551	773
947	553	829
949	554	886
951	557	943
942	597	207
942	597	220
942	597	241
942	598	272
943	598	310
943	598	353
944	599	400
945	599	450
946	600	502
947	601	555
948	602	609
949	603	664
951	605	719
953	606	775
955	608	832
957	609	888
959	611	945
951	655	223
951	655	235
951	655	254
952	655	283
952	655	320
952	656	362
953	656	407
954	657	456
955	657	507
956	658	560
957	659	613
959	660	668
960	661	723
962	663	779
964	664	835
966	666	891
968	667	948
962	713	239
962	713	250
962	713	268
962	714	296
962	714	331
963	714	371
963	715	416
964	715	463
965	716	514
966	716	565
967	717	618
969	718	672
970	719	727
972	720	782
974	722	838
976	723	894
978	724	951
973	772	256
973	772	266
973	772	283
974	773	309
974	773	342
974	773	381
975	773	425
976	774	471
977	774	521
978	775	572
979	776	624
980	777	677
982	778	732
983	779	786
985	780	842
987	781	898
990	782	954
986	832	274
986	832	283
986	832	299
986	832	323
987	832	355
987	833	392
988	833	434
988	833	480
989	834	528
990	834	578
991	835	630
993	836	683
994	837	736
996	838	791
998	839	846
1000	840	901
1002	841	957
999	892	291
1000	892	300
1000	892	315
1000	892	338
1000	892	368
1001	893	404
1001	893	445
1002	893	489
1003	894	536
1004	894	586
1005	895	637
1006	896	689
1008	896	742
1010	897	796
1011	898	850
1013	899	906
1016	900	961
1014	952	310
1014	952	318
1014	952	332
1015	952	354
1015	953	382
1016	953	417
1016	953	456
1017	953	499
1018	954	545
1019	954	594
1020	955	644
1021	956	695
1023	956	748
1023	956	800
1023	955	853
1023	954	906
1023	953	959
1023	1006	326
1023	1006	334
1023	1006	347
1023	1006	367
1023	1005	394
1023	1005	427
1023	1005	464
1023	1004	505
1023	1004	549
1023	1004	596
1023	1003	644
1023	1002	693
1023	1002	743
1023	1001	794
1023	1000	845
1023	999	897
1023	998	949
