0	0	0
3	1	57
7	3	118
15	7	178
26	12	239
40	18	300
57	26	360
73	36	421
90	48	482
106	60	542
123	72	603
139	83	664
156	95	725
172	107	785
188	119	846
205	131	907
221	142	967
6	61	0
9	62	57
14	64	118
21	66	178
32	70	239
46	74	300
62	79	360
77	85	421
93	92	482
109	100	543
125	108	603
141	116	664
158	125	725
174	135	785
190	144	846
206	154	907
223	164	967
18	124	1
21	125	58
25	126	118
33	127	179
44	129	239
56	132	300
70	135	361
84	139	421
99	143	482
115	148	543
130	154	603
146	160	664
161	167	725
177	174	785
193	181	846
209	189	907
225	197	967
37	187	2
40	188	59
44	188	119
51	189	179
60	190	239
70	192	300
82	194	361
95	197	421
109	200	482
123	204	543
137	208	603
152	212	664
167	217	725
183	223	785
198	228	846
214	234	907
230	241	967
61	250	4
63	251	60
66	251	119
72	252	179
79	253	240
87	254	300
97	256	361
109	257	421
121	260	482
134	262	543
147	266	603
161	269	664
176	273	725
190	277	785
205	281	846
220	286	907
235	291	968
85	313	6
87	314	62
89	314	120
93	314	180
99	315	240
106	316	301
115	317	361
125	319	422
136	321	482
147	323	543
159	325	604
172	328	664
186	331	725
200	334	786
214	338	846
228	342	907
243	346	968
109	376	9
110	377	64
113	377	121
116	377	181
121	378	241
127	379	301
134	380	362
143	381	422
152	382	483
163	384	543
174	386	604
186	388	664
198	391	725
211	393	786
225	396	846
238	400	907
252	403	968
133	439	12
134	440	66
136	440	123
139	440	182
143	441	241
148	441	302
154	442	362
162	443	422
170	444	483
180	446	543
190	447	604
201	449	665
212	451	725
224	454	786
237	456	847
250	459	907
263	462	968
157	503	16
158	503	69
160	503	124
162	503	183
166	504	242
170	504	302
176	505	362
182	506	423
190	507	483
198	508	544
207	509	604
217	511	665
228	513	725
239	515	786
251	517	847
263	519	907
276	522	968
182	566	21
182	566	72
184	566	126
186	566	184
189	566	243
193	567	303
197	568	363
203	568	423
210	569	484
217	570	544
226	571	605
235	573	665
245	574	726
255	576	786
266	578	847
277	580	908
289	582	968
206	629	26
206	629	76
207	629	129
209	629	186
212	629	244
215	630	304
220	630	364
225	631	424
231	632	484
238	633	545
245	634	605
253	635	665
262	636	726
272	638	787
282	639	847
293	641	908
304	643	968
230	692	32
230	692	80
231	692	131
233	692	187
235	692	246
238	693	305
242	693	365
247	694	425
252	694	485
258	695	545
265	696	605
273	697	666
281	698	726
290	700	787
299	701	847
309	703	908
320	704	969
254	755	39
254	755	84
255	755	134
257	755	189
259	755	247
262	756	306
265	756	365
269	757	425
274	757	485
280	758	546
286	759	606
293	760	666
301	761	727
309	762	787
318	763	848
327	765	908
337	766	969
278	818	47
278	818	88
279	818	137
281	818	191
282	818	249
285	819	307
288	819	366
292	819	426
296	820	486
301	821	546
307	821	606
314	822	667
321	823	727
328	824	788
337	825	848
345	827	909
355	828	969
302	881	54
302	881	93
303	881	140
304	881	194
306	881	250
308	882	308
311	882	367
315	882	427
319	883	487
324	883	547
329	884	607
335	885	667
341	886	728
348	887	788
356	888	848
364	889	909
373	890	969
326	944	62
327	944	98
327	944	143
328	944	196
330	944	252
332	945	310
335	945	369
338	945	428
342	946	488
346	946	548
351	947	608
356	948	668
362	948	728
369	949	788
376	950	849
384	951	909
392	952	970
350	1007	69
351	1007	103
351	1007	147
352	1007	199
354	1007	254
356	1008	312
358	1008	370
361	1008	429
364	1009	489
368	1009	548
373	1010	608
378	1010	668
384	1011	729
390	1012	789
397	1013	849
404	1014	910
412	1015	970
59	1	0
61	2	57
64	4	118
70	7	178
77	12	239
86	19	300
96	27	360
107	37	421
120	49	482
133	60	542
146	72	603
160	84	664
175	96	725
189	107	785
204	119	846
220	131	907
235	143	967
64	62	0
65	63	57
69	64	118
74	67	178
81	70	239
89	74	300
99	80	360
110	86	421
122	93	482
135	100	543
148	108	603
162	117	664
177	126	725
191	135	785
206	144	846
221	154	907
236	164	967
72	125	1
73	125	58
77	126	118
81	127	179
88	129	239
96	132	300
105	135	361
116	139	421
127	143	482
139	148	543
152	154	603
166	160	664
180	167	725
194	174	785
209	181	846
224	189	907
239	197	967
84	188	2
85	188	59
88	188	119
92	189	179
98	191	239
105	192	300
114	195	361
124	197	421
135	200	482
146	204	543
159	208	603
172	212	664
185	217	725
199	223	785
213	228	846
228	235	907
243	241	967
99	251	4
100	251	60
102	251	119
106	252	179
111	253	240
118	254	300
126	256	361
135	258	421
145	260	482
156	263	543
167	266	603
180	269	664
193	273	725
206	277	785
220	282	846
234	286	907
248	292	968
116	314	6
117	314	61
119	314	120
122	315	180
127	315	240
133	316	301
140	318	361
148	319	422
157	321	482
167	323	543
178	325	604
190	328	664
202	331	725
215	334	786
228	338	846
241	342	907
255	346	968
135	377	9
136	377	64
138	377	121
141	377	181
145	378	241
150	379	301
156	380	361
163	381	422
172	382	483
181	384	543
191	386	604
202	388	664
213	391	725
225	393	786
238	396	846
251	400	907
264	403	968
155	440	12
156	440	66
158	440	123
160	440	182
164	441	241
168	441	302
174	442	362
180	443	422
188	444	483
196	446	543
206	447	604
216	449	665
226	451	725
238	454	786
249	456	847
262	459	907
274	462	968
176	503	16
177	503	69
178	503	124
181	503	183
184	504	242
188	504	302
193	505	362
199	506	423
205	507	483
213	508	544
222	509	604
231	511	665
241	513	725
251	515	786
262	517	847
274	519	907
286	522	968
198	566	21
199	566	72
200	566	126
202	566	184
205	566	243
208	567	303
213	568	363
218	568	423
224	569	484
231	570	544
239	571	605
247	573	665
257	574	726
266	576	786
277	578	847
288	580	908
299	582	968
220	629	26
221	629	76
222	629	129
224	629	186
226	629	244
229	630	304
233	630	364
238	631	424
244	632	484
250	633	545
257	634	605
265	635	665
274	636	726
283	638	787
292	639	847
303	641	908
314	643	968
243	692	32
243	692	80
244	692	131
246	692	187
248	692	246
251	693	305
254	693	365
259	694	425
264	694	485
270	695	545
276	696	605
284	697	666
291	698	726
300	700	787
309	701	847
319	703	908
329	705	969
266	755	39
266	755	84
267	755	134
268	755	189
270	755	247
273	756	306
276	756	365
280	757	425
285	757	485
290	758	546
296	759	606
303	760	666
310	761	727
318	762	787
327	763	848
336	765	908
345	766	969
289	818	47
289	818	88
290	818	137
291	818	191
293	818	249
295	819	307
298	819	366
302	819	426
306	820	486
311	821	546
317	821	606
323	822	667
330	823	727
337	824	788
345	825	848
353	827	909
363	828	969
312	881	54
312	881	93
313	881	140
314	881	194
316	881	250
318	882	308
321	882	367
324	882	427
328	883	487
332	883	547
338	884	607
343	885	667
350	886	728
357	887	788
364	888	848
372	889	909
380	890	969
335	944	62
335	944	98
336	944	143
337	944	196
339	944	252
341	945	310
343	945	369
346	945	428
350	946	488
354	946	548
359	947	608
364	948	668
370	948	728
377	949	788
384	950	849
391	951	909
399	952	970
358	1007	69
359	1007	103
359	1007	147
360	1007	199
362	1007	254
364	1008	312
366	1008	370
369	1008	429
372	1009	489
376	1009	548
381	1010	608
385	1010	668
391	1011	729
397	1012	789
404	1013	849
411	1014	910
418	1015	970
120	2	0
122	3	57
124	5	118
127	9	178
131	14	239
137	20	300
143	28	360
151	39	421
160	50	482
170	62	542
181	73	603
192	85	664
205	96	725
217	108	785
230	120	846
243	131	907
257	143	967
123	63	0
124	64	57
126	65	118
129	68	178
134	71	239
139	75	300
146	81	360
154	87	421
163	93	482
172	101	543
183	109	603
194	117	664
206	126	725
219	135	785
231	145	846
245	155	907
258	165	967
128	125	1
129	126	58
131	126	118
134	128	179
138	130	239
143	132	300
150	136	361
157	139	421
166	144	482
176	149	543
186	154	603
197	161	664
209	167	725
221	174	785
234	182	846
247	190	907
261	198	967
135	188	2
136	188	59
138	189	118
141	190	179
145	191	239
150	193	300
156	195	361
164	198	421
172	201	482
181	204	543
191	208	603
202	213	664
213	218	725
225	223	785
238	229	846
251	235	907
264	241	967
145	251	4
146	251	60
148	251	119
151	252	179
154	253	240
159	254	300
165	256	361
172	258	421
180	260	482
189	263	543
198	266	603
209	269	664
220	273	725
231	277	785
244	282	846
256	287	907
269	292	968
158	314	6
159	314	61
160	314	120
163	315	180
166	315	240
171	316	301
176	318	361
183	319	422
190	321	482
198	323	543
207	326	604
217	328	664
228	331	725
239	335	786
251	338	846
263	342	907
276	346	968
172	377	9
173	377	64
174	377	121
177	378	181
180	378	241
184	379	301
189	380	361
195	381	422
202	383	483
210	384	543
218	386	604
228	388	664
238	391	725
249	394	786
260	397	846
272	400	907
284	403	968
188	440	12
189	440	66
190	440	123
192	440	182
195	441	241
199	442	302
204	442	362
209	443	422
216	445	483
223	446	543
231	448	604
240	449	665
250	452	725
260	454	786
270	456	847
282	459	907
293	462	968
206	503	16
207	503	69
208	503	124
210	503	183
212	504	242
216	504	302
220	505	362
225	506	423
231	507	483
238	508	544
245	509	604
254	511	665
263	513	725
272	515	786
282	517	847
293	519	907
304	522	968
225	566	21
225	566	72
226	566	126
228	566	184
230	567	243
233	567	303
237	568	363
242	568	423
248	569	484
254	570	544
261	572	605
269	573	665
277	574	726
286	576	786
296	578	847
306	580	908
316	582	968
244	629	26
245	629	76
246	629	129
247	629	186
249	630	244
252	630	304
256	630	364
260	631	424
265	632	484
271	633	545
278	634	605
285	635	665
293	636	726
301	638	787
310	639	847
320	641	908
330	643	968
264	692	32
265	692	80
266	692	131
267	692	187
269	692	246
272	693	305
275	693	365
279	694	425
284	695	485
289	695	545
295	696	605
302	697	666
309	699	726
317	700	787
326	701	847
335	703	908
344	705	969
285	755	39
286	755	84
286	755	134
288	755	189
289	755	247
292	756	306
295	756	365
299	757	425
303	757	485
308	758	546
314	759	606
320	760	666
327	761	727
334	762	787
342	763	848
351	765	908
360	766	969
306	818	47
307	818	88
308	818	137
309	818	191
310	818	249
313	819	307
315	819	366
319	820	426
323	820	486
328	821	546
333	821	606
339	822	667
345	823	727
352	824	788
360	826	848
368	827	909
376	828	969
328	881	54
328	881	93
329	881	140
330	881	194
332	881	250
334	882	308
336	882	367
340	882	427
343	883	487
348	884	547
353	884	607
358	885	667
364	886	728
371	887	788
378	888	848
385	889	909
394	890	969
350	944	62
350	944	98
351	944	143
352	944	196
354	944	252
355	945	310
358	945	369
361	945	428
364	946	488
368	946	548
373	947	608
378	948	668
384	948	728
390	949	788
396	950	849
404	951	909
411	953	970
372	1007	69
373	1007	103
373	1007	147
374	1007	199
376	1007	254
377	1008	312
380	1008	370
382	1008	429
386	1009	489
389	1009	548
394	1010	608
398	1010	668
404	1011	729
409	1012	789
416	1013	849
423	1014	910
430	1015	970
182	4	0
183	5	57
184	8	117
186	11	178
189	16	239
193	22	300
198	31	360
204	41	421
210	52	482
218	63	542
226	75	603
235	86	664
245	98	725
255	109	785
266	121	846
278	132	907
290	144	967
184	64	0
185	65	57
186	67	118
188	69	178
191	72	239
195	77	300
200	82	360
205	88	421
212	95	482
219	102	543
228	110	603
237	118	664
246	127	725
257	136	785
267	146	846
279	156	907
291	165	967
187	126	1
188	127	58
189	127	118
191	129	179
194	131	239
198	133	300
203	136	360
208	140	421
215	145	482
222	150	543
230	155	603
239	161	664
249	168	725
259	175	785
270	182	846
281	190	907
293	198	967
192	188	2
193	189	58
194	189	118
196	190	179
199	192	239
203	193	300
207	196	361
213	198	421
219	201	482
226	205	543
234	209	603
243	213	664
252	218	725
262	224	785
273	229	846
284	235	907
296	242	967
199	251	4
200	251	60
201	252	119
203	253	179
206	253	240
209	255	300
214	256	361
219	258	421
225	261	482
232	263	543
240	266	603
248	270	664
258	274	725
267	278	785
278	282	846
289	287	907
300	292	968
208	314	6
209	314	61
210	315	120
212	315	180
215	316	240
218	317	301
222	318	361
227	320	422
233	321	482
240	323	543
247	326	604
256	329	664
264	332	725
274	335	786
284	338	846
295	342	907
306	347	968
219	377	9
220	377	63
221	377	121
223	378	181
225	378	241
228	379	301
232	380	361
237	381	422
243	383	483
249	385	543
256	387	604
264	389	664
273	391	725
282	394	786
292	397	846
302	400	907
313	404	968
232	440	12
233	440	66
234	440	123
235	441	182
237	441	241
241	442	302
244	443	362
249	444	422
254	445	483
260	446	543
267	448	604
275	450	665
283	452	725
292	454	786
301	457	847
311	459	907
322	462	968
246	503	16
247	503	69
248	503	124
249	503	183
251	504	242
254	504	302
258	505	362
262	506	423
267	507	483
273	508	544
279	510	604
286	511	665
294	513	725
303	515	786
312	517	847
321	519	907
331	522	968
262	566	21
262	566	72
263	566	126
264	566	184
266	567	243
269	567	303
272	568	363
276	569	423
281	569	484
287	571	544
293	572	605
300	573	665
307	575	726
315	576	786
324	578	847
333	580	908
342	582	968
278	629	26
279	629	76
279	629	129
281	629	186
283	630	244
285	630	304
288	631	364
292	631	424
297	632	484
302	633	545
307	634	605
314	635	665
321	636	726
328	638	787
337	640	847
345	641	908
355	643	968
296	692	32
296	692	79
297	692	131
298	692	187
300	693	246
302	693	305
305	693	365
309	694	425
313	695	485
318	695	545
323	696	605
329	697	666
336	699	726
343	700	787
351	701	847
359	703	908
368	705	969
314	755	39
315	755	84
315	755	134
316	755	189
318	756	247
320	756	306
323	756	365
326	757	425
330	757	485
335	758	546
340	759	606
346	760	666
352	761	727
359	762	787
366	763	848
374	765	908
382	766	969
333	818	47
334	818	88
334	818	137
335	818	191
337	818	249
339	819	307
342	819	366
345	820	426
348	820	486
353	821	546
357	822	606
363	822	667
369	823	727
375	824	788
382	826	848
390	827	909
398	828	969
353	881	54
353	881	93
354	881	140
355	881	194
356	881	250
358	882	308
361	882	367
364	883	427
367	883	487
371	884	547
376	884	607
381	885	667
386	886	728
392	887	788
399	888	848
406	889	909
414	890	969
373	944	62
374	944	98
374	944	143
375	944	196
376	944	252
378	945	310
381	945	369
383	945	428
386	946	488
390	946	548
394	947	608
399	948	668
405	949	728
410	949	788
417	950	849
423	951	909
431	953	970
394	1007	69
394	1007	103
395	1007	147
396	1007	199
397	1007	254
399	1008	312
401	1008	370
403	1008	429
406	1009	489
410	1009	548
414	1010	608
418	1010	668
423	1011	729
429	1012	789
435	1013	849
441	1014	910
448	1015	970
244	8	0
244	9	57
245	11	117
247	14	178
249	19	239
252	26	300
256	34	360
260	44	421
265	55	482
271	66	542
277	77	603
285	88	664
292	99	725
301	111	785
310	122	846
320	134	907
330	145	967
245	67	0
246	68	57
247	69	118
248	71	178
250	75	239
253	79	300
257	84	360
261	90	421
266	96	482
272	103	542
278	111	603
286	120	664
293	128	725
302	137	785
311	147	846
321	157	907
331	166	967
248	127	1
248	128	57
249	129	118
250	130	178
253	132	239
255	134	300
259	138	360
263	141	421
268	146	482
274	151	543
280	156	603
288	162	664
295	169	725
304	176	785
313	183	846
322	191	907
332	199	967
251	189	2
252	190	58
253	190	118
254	191	179
256	192	239
259	194	300
263	196	361
267	199	421
272	202	482
277	206	543
284	210	603
291	214	664
298	219	725
307	224	785
316	230	846
325	236	907
335	243	967
257	252	4
257	252	60
258	252	119
259	253	179
262	254	240
264	255	300
268	257	361
272	259	421
277	261	482
282	264	543
288	267	603
295	270	664
303	274	725
311	278	785
320	283	846
329	288	907
339	293	968
264	315	6
264	315	61
265	315	120
266	316	180
268	316	240
271	317	301
274	319	361
278	320	422
283	322	482
288	324	543
294	326	604
301	329	664
309	332	725
317	335	786
325	339	846
334	343	907
344	347	968
272	377	8
272	378	63
273	378	121
275	378	181
277	379	241
279	380	301
282	381	361
286	382	422
291	383	483
296	385	543
302	387	604
308	389	664
316	392	725
323	394	786
332	397	846
341	400	907
350	404	968
282	440	12
282	440	66
283	441	123
285	441	182
286	441	241
289	442	302
292	443	362
296	444	422
300	445	483
305	447	543
311	448	604
317	450	665
324	452	725
332	454	786
340	457	847
348	460	907
358	463	968
293	503	16
294	503	69
295	503	124
296	504	183
298	504	242
300	505	302
303	505	362
306	506	423
311	507	483
316	509	544
321	510	604
327	511	665
334	513	725
341	515	786
349	517	847
357	520	907
366	522	968
306	566	21
307	566	72
307	566	126
308	567	184
310	567	243
312	567	303
315	568	363
319	569	423
323	570	484
327	571	544
333	572	605
338	573	665
345	575	726
352	576	786
359	578	847
367	580	908
376	583	968
320	629	26
320	629	75
321	629	128
322	630	186
324	630	244
326	630	304
329	631	364
332	631	424
336	632	484
340	633	545
345	634	605
351	635	665
357	637	726
364	638	787
371	640	847
379	642	908
387	644	968
335	692	32
335	692	79
336	692	131
337	692	187
339	693	246
341	693	305
343	694	364
346	694	424
350	695	485
354	696	545
359	697	605
364	698	666
370	699	726
377	700	787
384	702	847
391	703	908
399	705	969
351	755	39
351	755	84
352	755	134
353	755	189
355	756	247
356	756	306
359	756	365
362	757	425
365	758	485
369	758	546
374	759	606
379	760	666
385	761	727
391	762	787
397	764	848
405	765	908
412	767	969
368	818	47
368	818	88
369	818	137
370	818	191
371	819	249
373	819	307
375	819	366
378	820	426
381	820	486
385	821	546
389	822	606
394	823	667
400	824	727
406	825	788
412	826	848
419	827	909
426	828	969
386	881	54
386	881	93
386	881	140
387	881	194
389	882	250
390	882	308
393	882	367
395	883	427
398	883	487
402	884	547
406	884	607
411	885	667
416	886	728
421	887	788
427	888	848
434	889	909
441	890	969
404	944	62
404	944	98
405	944	143
406	944	196
407	945	252
408	945	310
410	945	369
413	946	428
416	946	488
419	947	548
423	947	608
428	948	668
432	949	728
438	950	788
444	950	849
450	952	909
457	953	970
423	1007	69
423	1007	103
424	1007	147
424	1007	199
426	1008	254
427	1008	311
429	1008	370
431	1008	429
434	1009	489
437	1009	548
441	1010	608
445	1011	668
450	1011	729
455	1012	789
461	1013	849
467	1014	910
473	1015	970
306	12	0
306	13	56
307	15	117
308	18	178
310	23	239
312	30	300
315	38	360
318	48	421
322	58	482
327	69	542
332	79	603
338	90	664
344	101	725
351	113	785
359	124	846
367	135	907
376	147	967
307	70	0
307	71	57
308	72	118
309	74	178
311	77	239
313	81	300
316	86	360
319	92	421
323	98	482
328	106	542
333	113	603
339	121	664
345	130	725
352	139	785
360	148	846
368	158	907
376	168	967
308	129	1
309	130	57
310	130	118
311	132	178
312	134	239
315	136	300
317	139	360
321	143	421
325	147	482
329	152	543
335	158	603
340	164	664
347	170	725
354	177	785
361	184	846
369	192	907
378	200	967
311	191	2
312	191	58
312	191	118
314	192	179
315	194	239
317	195	300
320	197	361
324	200	421
328	203	482
332	207	543
337	211	603
343	215	664
349	220	725
356	225	785
364	231	846
372	237	907
380	243	967
316	253	3
316	253	59
317	253	119
318	254	179
319	255	240
322	256	300
324	258	361
328	260	421
331	262	482
336	265	543
341	268	603
347	271	664
353	275	725
360	279	785
367	283	846
375	288	907
383	293	968
321	315	6
321	315	61
322	316	120
323	316	180
325	317	240
327	318	301
330	319	361
333	321	422
337	322	482
341	325	543
346	327	604
352	330	664
358	333	725
364	336	786
372	340	846
379	343	907
388	348	968
328	378	8
328	378	63
329	378	121
330	379	181
331	379	241
333	380	301
336	381	361
339	382	422
343	384	483
347	385	543
352	387	604
358	390	664
364	392	725
370	395	786
377	398	846
385	401	907
393	404	968
336	441	12
336	441	66
337	441	123
338	441	182
339	442	241
341	443	302
344	443	362
347	444	422
351	446	483
355	447	543
360	449	604
365	450	665
371	452	725
377	455	786
384	457	847
392	460	907
400	463	968
345	504	16
345	504	69
346	504	124
347	504	183
349	505	242
351	505	302
353	506	362
356	507	423
360	508	483
364	509	544
368	510	604
373	512	665
379	514	725
385	515	786
392	518	847
400	520	907
407	523	968
356	566	20
356	567	72
357	567	126
358	567	184
359	567	243
361	568	303
363	568	363
366	569	423
370	570	484
374	571	544
378	572	605
383	574	665
389	575	726
395	577	786
401	579	847
408	581	908
416	583	968
367	629	26
368	629	75
368	630	128
369	630	186
371	630	244
372	631	304
375	631	364
378	632	424
381	633	484
385	633	544
389	634	605
394	636	665
399	637	726
405	638	787
411	640	847
418	642	908
426	644	968
380	692	32
381	692	79
381	693	131
382	693	187
383	693	246
385	693	305
387	694	364
390	694	424
393	695	485
397	696	545
401	697	605
406	698	666
411	699	726
417	700	787
423	702	847
429	703	908
437	705	969
394	755	39
394	755	84
395	755	134
396	756	189
397	756	247
399	756	306
401	757	365
403	757	425
406	758	485
410	759	546
414	759	606
418	760	666
423	761	727
429	762	787
435	764	848
441	765	908
448	767	969
409	818	46
409	818	88
410	818	137
410	819	191
412	819	249
413	819	307
415	820	366
418	820	426
421	821	486
424	821	546
428	822	606
432	823	667
437	824	727
442	825	788
448	826	848
454	827	909
461	829	969
424	881	54
425	881	93
425	881	140
426	882	194
427	882	250
429	882	308
431	882	367
433	883	427
436	883	487
439	884	547
443	885	607
447	885	667
451	886	728
456	887	788
462	888	848
468	889	909
474	891	969
441	944	61
441	944	98
442	944	143
442	945	196
443	945	252
445	945	310
447	945	369
449	946	428
452	946	488
455	947	547
458	947	608
462	948	668
467	949	728
471	950	788
477	951	849
483	952	909
489	953	970
458	1007	69
458	1007	103
459	1007	147
459	1008	199
460	1008	254
462	1008	311
463	1008	370
466	1009	429
468	1009	488
471	1010	548
474	1010	608
478	1011	668
482	1011	729
487	1012	789
492	1013	849
498	1014	910
504	1015	970
368	18	0
368	18	56
368	20	117
369	24	178
371	29	239
372	35	300
375	43	360
377	53	421
381	62	482
385	72	542
389	83	603
394	93	664
399	104	725
405	115	785
411	126	846
418	137	907
426	149	967
368	73	0
368	74	57
369	76	117
370	78	178
371	81	239
373	85	300
375	89	360
378	95	421
381	101	482
385	108	542
390	116	603
394	124	664
400	132	725
406	141	785
412	150	846
419	160	907
426	169	967
370	131	0
370	132	57
370	133	118
371	134	178
373	136	239
375	138	300
377	141	360
380	145	421
383	149	482
387	154	543
391	159	603
396	165	664
401	172	725
407	179	785
413	186	846
420	194	907
428	202	967
372	192	2
372	192	58
373	193	118
374	194	179
375	195	239
377	197	300
379	199	361
382	201	421
385	204	482
389	208	543
393	212	603
398	216	664
403	221	725
409	226	785
415	232	846
422	238	907
430	245	967
375	254	3
376	254	59
376	254	119
377	255	179
378	256	240
380	257	300
382	259	361
385	261	421
388	263	482
392	266	543
396	269	603
401	272	664
406	276	725
412	280	785
418	284	846
425	289	907
432	294	968
380	316	5
380	316	61
381	317	120
382	317	180
383	318	240
385	319	301
387	320	361
389	321	422
393	323	482
396	325	543
400	328	604
405	330	664
410	333	725
416	337	786
422	340	846
429	344	907
436	348	968
385	379	8
386	379	63
386	379	121
387	379	181
388	380	241
390	381	301
392	382	361
395	383	422
398	384	483
402	386	543
406	388	604
410	390	664
415	393	725
421	395	786
427	398	846
434	402	907
441	405	968
392	441	11
392	441	66
393	442	122
394	442	182
395	442	241
397	443	302
399	444	362
401	445	422
404	446	483
408	448	543
412	449	604
416	451	665
421	453	725
427	455	786
433	458	847
439	460	907
446	463	968
400	504	15
400	504	68
401	504	124
401	505	183
403	505	242
404	506	302
406	506	362
409	507	423
412	508	483
415	509	544
419	511	604
424	512	665
429	514	725
434	516	786
440	518	847
446	520	907
453	523	968
409	567	20
409	567	72
409	567	126
410	567	184
411	568	243
413	568	303
415	569	363
418	570	423
420	570	484
424	571	544
428	573	605
432	574	665
437	575	726
442	577	786
448	579	847
454	581	908
461	583	968
419	630	26
419	630	75
419	630	128
420	630	185
421	630	244
423	631	304
425	631	364
427	632	424
430	633	484
433	634	544
437	635	605
441	636	665
446	637	726
451	639	787
457	640	847
463	642	908
469	644	968
430	693	32
430	693	79
430	693	131
431	693	187
432	693	246
434	694	305
436	694	364
438	695	424
441	695	485
444	696	545
447	697	605
452	698	666
456	699	726
461	701	787
467	702	847
473	704	908
479	705	969
442	756	39
442	756	83
442	756	134
443	756	189
444	756	247
446	757	306
447	757	365
450	757	425
452	758	485
455	759	545
459	760	606
463	761	666
467	762	727
472	763	787
477	764	848
483	765	908
489	767	969
454	819	46
455	819	88
455	819	137
456	819	191
457	819	248
458	819	307
460	820	366
462	820	426
465	821	486
468	821	546
471	822	606
475	823	667
479	824	727
484	825	788
489	826	848
495	827	909
501	829	969
468	882	54
468	882	93
469	882	140
470	882	193
471	882	250
472	882	308
474	883	367
476	883	427
478	884	487
481	884	547
484	885	607
488	886	667
492	886	728
497	887	788
502	888	848
507	890	909
513	891	969
483	945	61
483	945	98
483	945	143
484	945	196
485	945	252
486	945	310
488	946	369
490	946	428
492	946	488
495	947	547
498	948	608
502	948	668
506	949	728
510	950	788
515	951	849
520	952	909
526	953	970
498	1008	69
498	1008	103
499	1008	147
499	1008	199
500	1008	254
501	1008	311
503	1008	370
505	1009	429
507	1009	488
510	1010	548
513	1010	608
516	1011	668
520	1012	729
525	1012	789
529	1013	849
534	1014	910
540	1015	970
430	25	0
429	25	56
430	27	117
431	31	178
432	35	239
433	42	300
435	50	360
437	58	421
440	67	482
443	77	542
447	87	603
451	97	664
456	107	725
461	118	785
466	129	846
472	140	907
478	151	967
431	79	0
430	78	56
430	80	117
431	82	178
432	85	239
434	88	300
436	93	360
438	98	421
441	105	482
444	111	542
448	119	603
452	126	664
456	135	725
461	143	785
467	153	846
473	162	907
479	171	967
431	134	0
431	134	57
432	135	118
432	136	178
434	138	239
435	141	300
437	144	360
439	147	421
442	151	482
445	156	542
449	162	603
453	167	664
457	174	725
462	181	785
468	188	846
474	195	907
480	203	967
433	194	1
433	194	58
434	195	118
434	195	179
436	197	239
437	198	300
439	201	361
441	203	421
444	206	482
447	210	543
451	214	603
455	218	664
459	223	725
464	228	785
470	234	846
475	240	907
482	246	967
436	255	3
436	255	59
436	256	119
437	256	179
438	257	240
440	259	300
442	260	361
444	262	421
447	264	482
450	267	543
453	270	603
457	273	664
462	277	725
467	281	785
472	286	846
478	290	907
484	295	968
439	317	5
440	317	61
440	318	120
441	318	180
442	319	240
443	320	300
445	321	361
447	322	422
450	324	482
453	326	543
457	329	604
461	331	664
465	334	725
470	338	786
475	341	846
481	345	907
487	349	968
444	379	8
444	380	63
445	380	121
445	380	180
447	381	241
448	382	301
450	383	361
452	384	422
455	385	482
458	387	543
461	389	604
465	391	664
470	393	725
474	396	786
480	399	846
485	402	907
492	406	968
450	442	11
450	442	65
450	442	122
451	443	181
452	443	241
454	444	301
455	445	362
458	446	422
460	447	483
463	448	543
467	450	604
470	452	665
475	454	725
480	456	786
485	458	846
490	461	907
496	464	968
456	505	15
456	505	68
457	505	124
458	505	183
459	506	242
460	506	302
462	507	362
464	508	423
467	509	483
470	510	544
473	511	604
477	513	665
481	515	725
486	516	786
491	519	847
496	521	907
502	523	968
464	567	20
464	567	71
464	568	126
465	568	184
466	568	243
468	569	303
469	569	363
471	570	423
474	571	484
477	572	544
480	573	605
484	574	665
488	576	726
493	578	786
498	580	847
503	582	908
509	584	968
472	630	25
473	630	75
473	630	128
474	631	185
475	631	244
476	631	304
478	632	364
480	633	424
482	633	484
485	634	544
488	635	605
492	636	665
496	638	726
501	639	787
506	641	847
511	643	908
517	645	968
482	693	32
482	693	79
482	693	131
483	693	187
484	694	245
485	694	305
487	695	364
489	695	424
491	696	485
494	697	545
497	698	605
501	699	666
505	700	726
509	701	787
514	702	847
520	704	908
525	706	969
492	756	39
492	756	83
493	756	133
494	756	189
494	757	247
496	757	306
497	757	365
499	758	425
502	758	485
504	759	545
507	760	606
511	761	666
515	762	727
519	763	787
524	764	848
529	766	908
535	767	969
504	819	46
504	819	88
504	819	136
505	819	191
506	819	248
507	820	307
508	820	366
510	821	426
513	821	486
515	822	546
518	822	606
522	823	667
526	824	727
530	825	788
534	826	848
539	828	909
545	829	969
516	882	54
516	882	93
516	882	140
517	882	193
518	882	250
519	883	308
520	883	367
522	883	427
525	884	487
527	884	547
530	885	607
533	886	667
537	887	728
541	888	788
546	889	848
550	890	909
556	891	969
529	945	61
529	945	98
529	945	143
530	945	196
531	945	252
532	945	310
533	946	369
535	946	428
537	947	488
540	947	547
543	948	608
546	948	668
549	949	728
553	950	788
558	951	849
562	952	909
567	953	970
542	1008	69
542	1008	103
543	1008	147
543	1008	199
544	1008	254
545	1008	311
547	1009	370
548	1009	429
551	1009	488
553	1010	548
556	1010	608
559	1011	668
562	1012	729
566	1013	789
570	1014	849
575	1015	910
580	1016	970
492	33	0
491	33	56
491	35	117
492	38	178
493	43	239
494	49	299
496	56	360
498	64	421
500	73	482
503	82	542
506	91	603
510	101	664
513	111	725
518	121	785
523	132	846
528	143	907
533	154	967
492	84	0
492	83	56
492	85	117
493	87	178
494	89	239
495	93	300
496	97	360
498	102	421
501	108	482
503	115	542
507	122	603
510	130	664
514	138	725
518	146	785
523	155	846
528	164	907
534	174	967
492	137	0
493	137	57
493	138	117
494	139	178
495	141	239
496	144	300
497	147	360
499	150	421
502	154	482
504	159	542
508	164	603
511	170	664
515	176	725
519	183	785
524	190	846
529	197	907
535	205	967
494	196	1
494	196	58
495	197	118
495	198	179
496	199	239
497	200	300
499	203	360
501	205	421
503	208	482
506	211	543
509	215	603
513	220	664
517	224	725
521	230	785
526	235	846
531	241	907
536	247	967
496	257	3
497	257	59
497	257	119
498	258	179
499	259	240
500	260	300
501	262	361
503	263	421
506	266	482
508	268	543
511	271	603
515	275	664
519	278	725
523	282	785
528	287	846
533	292	907
538	297	968
500	318	5
500	318	61
500	319	120
501	319	180
502	320	240
503	321	300
505	322	361
506	324	422
509	325	482
511	327	543
514	330	604
518	332	664
522	335	725
526	339	786
531	342	846
536	346	907
541	350	968
503	380	7
504	380	63
504	381	121
505	381	180
506	382	241
507	382	301
508	383	361
510	385	422
513	386	482
515	388	543
518	390	604
522	392	664
525	394	725
530	397	786
534	400	846
539	403	907
545	407	968
508	443	11
508	443	65
509	443	122
510	443	181
510	444	241
512	445	301
513	445	362
515	446	422
517	448	483
520	449	543
523	451	604
526	452	665
530	454	725
534	457	786
539	459	846
544	462	907
549	465	968
514	505	15
514	505	68
515	506	124
515	506	182
516	506	242
517	507	302
519	507	362
521	508	423
523	509	483
525	511	544
528	512	604
532	513	665
535	515	725
540	517	786
544	519	847
549	522	907
554	524	968
520	568	20
521	568	71
521	568	126
522	568	184
523	569	243
524	569	303
525	570	363
527	571	423
529	571	484
532	573	544
535	574	605
538	575	665
542	577	726
546	578	786
550	580	847
555	582	907
560	584	968
528	631	25
528	631	75
528	631	128
529	631	185
530	631	244
531	632	304
533	632	364
534	633	424
537	634	484
539	635	544
542	636	605
545	637	665
549	638	726
553	640	787
557	641	847
562	643	908
567	645	968
536	693	31
536	694	79
537	694	131
537	694	187
538	694	245
539	695	305
541	695	364
543	696	424
545	696	485
547	697	545
550	698	605
553	699	666
557	700	726
560	701	787
565	703	847
569	705	908
574	706	969
545	756	38
545	756	83
546	757	133
546	757	189
547	757	247
548	757	306
550	758	365
552	758	425
554	759	485
556	760	545
559	760	606
562	761	666
565	762	727
569	763	787
573	765	848
578	766	908
583	768	969
555	819	46
555	819	88
556	819	136
556	820	191
557	820	248
558	820	307
560	820	366
561	821	426
563	821	486
566	822	546
568	823	606
571	824	667
575	825	727
579	826	788
583	827	848
587	828	909
592	830	969
566	882	53
566	882	92
566	882	140
567	882	193
568	883	250
569	883	308
570	883	367
572	884	427
574	884	487
576	885	547
579	885	607
582	886	667
585	887	728
589	888	788
593	889	848
597	890	909
602	891	969
577	945	61
578	945	97
578	945	143
579	945	196
579	946	252
580	946	310
582	946	369
583	946	428
585	947	488
587	947	547
590	948	608
593	949	668
596	950	728
600	950	788
604	951	849
608	952	909
613	954	970
590	1008	68
590	1008	103
590	1008	147
591	1008	198
592	1008	254
593	1009	311
594	1009	370
595	1009	429
597	1010	488
599	1010	548
602	1011	608
605	1011	668
608	1012	729
611	1013	789
615	1014	849
619	1015	910
624	1016	970
554	43	0
553	42	56
553	44	117
554	47	178
554	52	239
556	57	299
557	63	360
559	71	421
561	79	482
563	87	542
566	96	603
569	106	664
572	115	725
576	125	785
580	136	846
585	146	907
589	157	967
554	89	0
553	89	56
553	90	117
554	92	178
555	94	239
556	98	299
557	102	360
559	107	421
561	113	482
563	119	542
566	126	603
569	133	664
573	141	725
576	150	785
581	158	846
585	167	907
590	177	967
555	141	0
554	141	56
554	142	117
555	143	178
556	145	239
557	147	300
558	150	360
560	153	421
562	157	482
564	162	542
567	167	603
570	173	664
573	179	725
577	185	785
581	192	846
586	200	907
591	208	967
555	198	1
555	199	57
556	199	118
556	200	178
557	201	239
558	203	300
560	205	360
561	207	421
563	210	482
566	214	543
568	218	603
571	222	664
575	227	725
579	232	785
583	237	846
587	243	907
592	249	967
557	258	2
558	259	59
558	259	119
558	260	179
559	261	239
560	262	300
562	263	361
563	265	421
565	267	482
568	270	543
570	273	603
573	276	664
577	280	725
581	284	785
585	288	846
589	293	907
594	298	967
560	320	4
560	320	60
561	320	119
561	321	180
562	321	240
563	322	300
564	324	361
566	325	422
568	327	482
570	329	543
573	331	603
576	334	664
579	337	725
583	340	786
587	344	846
592	347	907
596	352	968
563	381	7
564	382	62
564	382	121
565	382	180
565	383	240
566	384	301
568	385	361
569	386	422
571	387	482
574	389	543
576	391	604
579	393	664
583	395	725
586	398	786
590	401	846
595	404	907
600	408	968
568	444	10
568	444	65
568	444	122
569	444	181
570	445	241
571	445	301
572	446	362
574	447	422
576	448	483
578	450	543
580	451	604
583	453	665
587	455	725
590	458	786
594	460	846
599	463	907
603	466	968
573	506	14
573	506	68
573	506	124
574	507	182
574	507	242
575	508	302
577	508	362
578	509	423
580	510	483
583	511	544
585	513	604
588	514	665
591	516	725
595	518	786
599	520	847
603	522	907
608	525	968
578	569	19
578	569	71
579	569	126
579	569	184
580	569	243
581	570	303
582	571	363
584	571	423
586	572	484
588	573	544
591	574	604
594	576	665
597	577	726
600	579	786
604	581	847
609	583	907
613	585	968
585	631	25
585	631	75
585	631	128
586	632	185
587	632	244
588	632	304
589	633	364
590	634	424
592	634	484
595	635	544
597	636	605
600	637	665
603	639	726
607	640	786
611	642	847
615	644	908
619	646	968
592	694	31
592	694	79
593	694	130
593	694	187
594	695	245
595	695	305
596	696	364
598	696	424
600	697	485
602	698	545
604	698	605
607	700	666
610	701	726
614	702	787
617	703	847
622	705	908
626	707	969
600	757	38
600	757	83
601	757	133
601	757	189
602	757	247
603	758	306
604	758	365
606	759	425
607	759	485
610	760	545
612	761	606
615	762	666
618	763	727
621	764	787
625	765	848
629	767	908
634	768	969
609	820	45
609	820	87
609	820	136
610	820	191
611	820	248
612	820	307
613	821	366
614	821	426
616	822	486
618	823	546
621	823	606
623	824	667
626	825	727
630	826	787
633	827	848
637	829	909
642	830	969
618	883	53
619	883	92
619	883	139
619	883	193
620	883	250
621	883	308
622	884	367
624	884	427
626	885	487
628	885	547
630	886	607
633	887	667
636	887	727
639	888	788
643	889	848
646	891	909
651	892	969
629	945	61
629	945	97
629	946	143
630	946	196
630	946	252
631	946	310
633	946	368
634	947	428
636	947	487
638	948	547
640	948	607
643	949	668
646	950	728
649	951	788
652	952	849
656	953	909
660	954	970
640	1008	68
640	1008	102
640	1008	147
641	1009	198
641	1009	254
642	1009	311
643	1009	370
645	1010	429
647	1010	488
649	1011	548
651	1011	608
653	1012	668
656	1012	729
659	1013	789
663	1014	849
667	1015	910
671	1016	970
616	53	0
614	52	55
615	54	117
615	57	178
616	60	239
617	65	299
618	71	360
620	78	421
621	85	482
623	93	542
626	102	603
628	111	664
631	120	724
635	130	785
638	140	846
642	150	907
647	160	967
617	96	0
615	95	55
615	96	117
616	98	178
616	100	239
617	103	299
618	107	360
620	112	421
622	118	482
624	124	542
626	130	603
629	137	664
632	145	725
635	153	785
639	162	846
643	171	907
647	180	967
616	145	0
616	145	56
616	145	117
616	147	178
617	148	239
618	151	300
619	153	360
621	157	421
622	161	482
625	165	542
627	170	603
630	176	664
633	182	725
636	188	785
640	195	846
644	203	907
648	210	967
617	201	0
617	201	57
617	202	118
618	203	178
618	204	239
619	205	300
620	208	360
622	210	421
624	213	482
626	216	542
628	220	603
631	224	664
634	229	725
637	234	785
641	239	846
645	245	907
649	251	967
618	260	2
619	261	58
619	261	118
619	262	179
620	263	239
621	264	300
622	265	361
624	267	421
625	269	482
628	272	543
630	275	603
633	278	664
636	282	725
639	286	785
642	290	846
646	295	907
651	300	967
621	321	4
621	321	60
621	322	119
622	322	179
622	323	240
623	324	300
625	325	361
626	327	421
628	328	482
630	330	543
632	333	603
635	335	664
638	338	725
641	341	785
645	345	846
649	349	907
653	353	968
624	383	7
624	383	62
624	383	120
625	384	180
625	384	240
626	385	301
628	386	361
629	387	422
631	389	482
633	390	543
635	392	604
638	394	664
641	397	725
644	399	786
648	402	846
652	405	907
656	409	968
627	445	10
628	445	65
628	445	122
628	445	181
629	446	241
630	447	301
631	447	362
633	448	422
634	450	483
636	451	543
639	453	604
641	454	664
644	456	725
648	459	786
651	461	846
655	464	907
659	467	968
632	507	14
632	507	67
632	507	124
633	508	182
633	508	242
634	508	302
636	509	362
637	510	423
639	511	483
641	512	544
643	514	604
646	515	665
648	517	725
652	519	786
655	521	847
659	523	907
663	526	968
637	569	19
637	569	71
637	570	126
638	570	184
638	570	243
639	571	303
641	571	363
642	572	423
644	573	483
646	574	544
648	575	604
650	576	665
653	578	726
657	580	786
660	581	847
664	584	907
668	586	968
643	632	24
643	632	74
643	632	128
644	632	185
644	633	244
645	633	304
646	634	363
648	634	424
649	635	484
651	636	544
654	637	605
656	638	665
659	639	726
662	641	786
666	643	847
669	644	908
673	646	968
649	695	30
649	695	78
650	695	130
650	695	187
651	695	245
652	696	305
653	696	364
654	697	424
656	697	485
658	698	545
660	699	605
662	700	666
665	701	726
668	703	787
672	704	847
675	706	908
679	707	969
656	757	37
656	757	83
657	758	133
657	758	189
658	758	247
659	758	306
660	759	365
661	759	425
663	760	485
665	761	545
667	761	606
669	762	666
672	763	727
675	764	787
679	766	848
682	767	908
686	769	969
664	820	45
664	820	87
665	820	136
665	820	191
666	821	248
667	821	307
668	821	366
669	822	426
671	822	486
672	823	546
675	824	606
677	825	667
680	826	727
683	827	787
686	828	848
690	829	909
694	830	969
673	883	53
673	883	92
673	883	139
674	883	193
674	883	250
675	884	308
676	884	367
677	884	427
679	885	487
681	886	547
683	886	607
685	887	667
688	888	727
691	889	788
694	890	848
698	891	909
702	892	969
682	946	60
682	946	97
682	946	143
683	946	196
683	946	252
684	947	310
685	947	368
687	947	428
688	948	487
690	948	547
692	949	607
694	950	668
697	950	728
700	951	788
703	952	849
707	953	909
711	954	970
692	1009	68
692	1009	102
692	1009	146
693	1009	198
693	1009	254
694	1009	311
695	1010	370
696	1010	429
698	1010	488
700	1011	548
702	1011	608
704	1012	668
707	1013	729
710	1014	789
713	1015	849
716	1015	910
720	1017	970
679	64	0
676	62	55
676	63	116
677	66	178
677	69	238
678	74	299
679	79	360
681	85	421
682	92	482
684	100	542
686	108	603
689	116	664
691	125	724
694	134	785
697	144	846
701	154	907
705	164	967
678	102	0
676	101	55
677	102	117
677	104	178
678	106	239
679	109	299
680	113	360
681	118	421
683	123	482
684	129	542
687	135	603
689	142	664
692	149	724
695	157	785
698	166	846
701	174	907
705	183	967
678	150	0
677	149	56
677	150	117
678	151	178
678	153	239
679	155	299
680	158	360
682	161	421
683	165	482
685	169	542
687	174	603
690	179	664
692	185	725
695	192	785
698	198	846
702	206	907
706	213	967
678	204	0
678	204	57
678	205	117
679	206	178
680	207	239
680	208	300
681	210	360
683	213	421
684	216	482
686	219	542
688	223	603
691	227	664
693	232	725
696	237	785
700	242	846
703	248	907
707	254	967
680	263	1
680	263	58
680	263	118
681	264	179
681	265	239
682	266	300
683	268	361
684	269	421
686	272	482
688	274	543
690	277	603
692	280	664
695	284	725
698	288	785
701	292	846
705	297	907
708	302	967
682	323	3
682	323	60
682	323	119
683	324	179
683	325	240
684	326	300
685	327	361
686	328	421
688	330	482
690	332	543
692	334	603
694	337	664
697	340	725
700	343	785
703	347	846
707	351	907
710	355	968
684	384	6
685	384	62
685	385	120
685	385	180
686	386	240
687	386	301
688	387	361
689	389	422
691	390	482
692	392	543
695	394	604
697	396	664
699	398	725
702	401	786
706	404	846
709	407	907
713	410	968
688	446	10
688	446	64
688	446	122
689	447	181
689	447	241
690	448	301
691	449	362
692	450	422
694	451	483
696	452	543
698	454	604
700	456	664
703	458	725
706	460	786
709	462	846
712	465	907
716	468	968
692	508	14
692	508	67
692	508	123
692	509	182
693	509	242
694	510	302
695	510	362
696	511	423
698	512	483
699	513	544
702	515	604
704	516	665
706	518	725
709	520	786
712	522	847
716	524	907
720	527	968
696	570	18
696	570	70
696	571	125
697	571	183
697	571	243
698	572	303
699	572	363
701	573	423
702	574	483
704	575	544
706	576	604
708	577	665
711	579	726
714	581	786
717	582	847
720	584	907
724	587	968
701	633	24
701	633	74
702	633	128
702	633	185
703	633	244
703	634	303
704	634	363
706	635	424
707	636	484
709	637	544
711	638	605
713	639	665
716	640	726
719	642	786
722	643	847
725	645	908
729	647	968
707	695	30
707	695	78
707	695	130
708	696	187
708	696	245
709	696	304
710	697	364
711	697	424
713	698	484
715	699	545
717	700	605
719	701	666
721	702	726
724	703	787
727	705	847
731	706	908
734	708	969
713	758	37
714	758	82
714	758	133
714	758	189
715	759	247
716	759	306
717	759	365
718	760	425
719	760	485
721	761	545
723	762	606
725	763	666
728	764	727
730	765	787
733	766	848
737	768	908
740	769	969
720	821	45
721	821	87
721	821	136
721	821	191
722	821	248
723	822	307
724	822	366
725	822	426
726	823	486
728	824	546
730	824	606
732	825	667
735	826	727
737	827	787
740	828	848
744	830	908
747	831	969
728	883	52
728	884	92
729	884	139
729	884	193
730	884	250
730	884	308
731	885	367
732	885	427
734	885	487
736	886	547
738	887	607
740	888	667
742	888	727
745	889	788
748	890	848
751	892	909
755	893	969
737	946	60
737	946	97
737	946	143
737	947	195
738	947	252
739	947	310
740	947	368
741	948	428
742	948	487
744	949	547
746	949	607
748	950	668
750	951	728
753	952	788
756	953	849
759	954	909
763	955	970
746	1009	67
746	1009	102
746	1009	146
746	1009	198
747	1010	254
748	1010	311
749	1010	370
750	1010	429
751	1011	488
753	1011	548
755	1012	608
757	1013	668
759	1013	728
762	1014	789
765	1015	849
768	1016	910
771	1017	970
741	74	0
738	72	54
738	73	116
738	75	177
739	78	238
740	82	299
741	87	360
742	93	421
743	99	482
745	106	542
747	114	603
749	122	664
751	131	724
754	140	785
757	149	846
760	158	907
764	168	967
741	110	0
738	108	55
738	109	116
739	110	177
739	113	238
740	115	299
741	119	360
742	123	421
744	128	482
745	134	542
747	140	603
749	147	664
752	154	724
754	162	785
757	170	846
760	178	907
764	187	967
741	155	0
739	154	55
739	154	117
739	156	178
740	157	239
741	159	299
742	162	360
743	165	421
744	169	482
746	173	542
748	178	603
750	183	664
752	189	724
755	195	785
758	202	846
761	209	907
764	216	967
741	208	0
740	208	56
740	208	117
740	209	178
741	210	239
742	212	300
743	214	360
744	216	421
745	219	482
747	222	542
749	226	603
751	230	664
753	235	725
756	239	785
759	245	846
762	250	907
765	257	967
741	265	1
741	265	57
741	266	118
742	267	178
742	267	239
743	269	300
744	270	360
745	272	421
747	274	482
748	277	543
750	280	603
752	283	664
755	286	725
757	290	785
760	295	846
763	299	907
767	304	967
743	325	3
743	325	59
743	325	119
744	326	179
744	327	240
745	328	300
746	329	361
747	330	421
748	332	482
750	334	543
752	336	603
754	339	664
756	342	725
759	345	785
762	349	846
765	352	907
769	356	968
745	386	6
745	386	61
746	386	120
746	387	180
747	387	240
747	388	301
748	389	361
749	390	422
751	392	482
752	393	543
754	395	604
756	397	664
759	400	725
761	402	786
764	405	846
767	408	907
771	412	968
748	447	9
748	447	64
749	448	121
749	448	181
749	448	241
750	449	301
751	450	362
752	451	422
754	452	483
755	453	543
757	455	604
759	457	664
762	459	725
764	461	786
767	464	846
770	466	907
774	469	968
752	509	13
752	509	67
752	509	123
752	510	182
753	510	242
754	511	302
755	511	362
756	512	422
757	513	483
759	514	543
761	516	604
763	517	665
765	519	725
768	521	786
770	523	847
774	525	907
777	528	968
756	571	18
756	571	70
756	572	125
756	572	183
757	572	243
758	573	303
759	573	363
760	574	423
761	575	483
763	576	544
765	577	604
767	578	665
769	580	726
772	582	786
774	583	847
777	585	907
781	588	968
760	634	23
760	634	74
761	634	127
761	634	185
762	634	244
762	635	303
763	635	363
764	636	424
766	637	484
767	638	544
769	639	605
771	640	665
773	641	726
776	643	786
779	644	847
782	646	908
785	648	968
765	696	29
766	696	78
766	696	130
766	696	187
767	697	245
767	697	304
768	698	364
770	698	424
771	699	484
772	700	545
774	701	605
776	702	666
779	703	726
781	704	787
784	705	847
787	707	908
790	709	968
771	759	36
771	759	82
772	759	133
772	759	188
773	759	246
773	760	305
774	760	365
775	761	425
777	761	485
778	762	545
780	763	606
782	764	666
784	765	727
787	766	787
790	767	848
793	768	908
796	770	969
778	821	44
778	821	87
778	821	136
778	822	191
779	822	248
780	822	307
781	823	366
782	823	426
783	824	486
784	824	546
786	825	606
788	826	667
790	827	727
793	828	787
796	829	848
799	830	908
802	832	969
785	884	52
785	884	91
785	884	139
785	884	193
786	885	250
787	885	308
788	885	367
789	886	427
790	886	487
791	887	547
793	887	607
795	888	667
797	889	727
800	890	788
803	891	848
805	892	909
809	893	969
792	947	59
792	947	96
793	947	142
793	947	195
794	947	252
794	947	309
795	948	368
796	948	428
797	949	487
799	949	547
801	950	607
803	950	668
805	951	728
807	952	788
810	953	849
813	954	909
816	955	970
800	1010	67
801	1010	102
801	1010	146
801	1010	198
802	1010	254
802	1010	311
803	1011	370
804	1011	429
806	1011	488
807	1012	548
809	1012	608
811	1013	668
813	1014	728
815	1015	789
818	1015	849
821	1016	910
824	1017	970
803	85	0
799	81	54
800	83	116
800	85	177
801	88	238
801	91	299
802	96	360
803	101	421
804	107	481
806	113	542
808	121	603
810	128	664
812	137	724
814	145	785
817	154	846
820	163	907
823	173	967
803	117	0
800	115	54
800	116	116
800	117	177
801	119	238
802	122	299
802	126	360
803	130	421
805	134	481
806	140	542
808	146	603
810	152	664
812	159	724
814	167	785
817	174	846
820	183	907
823	191	967
803	161	0
800	159	55
801	159	116
801	161	177
801	162	238
802	164	299
803	167	360
804	170	421
805	174	482
807	178	542
808	182	603
810	188	664
813	193	724
815	199	785
818	206	846
820	213	907
824	220	967
803	213	0
801	211	56
801	212	117
802	213	178
802	214	239
803	215	299
804	217	360
805	220	421
806	222	482
808	226	542
809	229	603
811	233	664
813	238	725
816	243	785
818	248	846
821	253	907
824	259	967
802	268	0
802	268	57
803	269	118
803	269	178
804	270	239
804	271	300
805	273	360
806	275	421
807	277	482
809	279	542
811	282	603
812	285	664
815	289	725
817	293	785
820	297	846
823	302	907
826	307	967
804	327	2
804	327	59
804	328	119
805	328	179
805	329	239
806	330	300
807	331	361
808	332	421
809	334	482
811	336	543
812	338	603
814	341	664
816	344	725
819	347	785
821	351	846
824	354	907
827	358	967
806	388	5
806	388	61
807	388	120
807	388	180
807	389	240
808	390	300
809	391	361
810	392	422
811	393	482
813	395	543
814	397	604
816	399	664
818	401	725
821	404	786
823	407	846
826	410	907
829	413	968
809	449	8
809	449	63
809	449	121
810	449	181
810	450	241
811	451	301
812	451	361
813	452	422
814	454	483
815	455	543
817	457	604
819	458	664
821	460	725
823	463	786
826	465	846
829	468	907
832	471	968
812	510	12
812	511	66
812	511	123
813	511	182
813	511	242
814	512	302
815	513	362
816	513	422
817	514	483
818	516	543
820	517	604
822	519	665
824	520	725
826	522	786
829	524	847
832	527	907
835	529	968
816	572	17
816	572	70
816	573	125
816	573	183
817	573	243
817	574	302
818	574	363
819	575	423
821	576	483
822	577	544
824	578	604
826	579	665
828	581	726
830	583	786
833	584	847
835	586	907
838	589	968
820	635	23
820	635	73
820	635	127
820	635	185
821	635	244
822	636	303
822	636	363
823	637	423
825	638	484
826	639	544
828	640	605
830	641	665
832	642	726
834	644	786
837	645	847
839	647	908
843	649	968
825	697	29
825	697	77
825	697	130
825	697	186
826	698	245
826	698	304
827	698	364
828	699	424
829	700	484
831	700	545
832	701	605
834	702	666
836	704	726
839	705	787
841	706	847
844	708	908
847	710	968
830	759	36
830	760	82
830	760	132
830	760	188
831	760	246
832	760	305
832	761	365
833	761	425
835	762	485
836	763	545
838	763	606
840	764	666
842	765	727
844	767	787
846	768	848
849	769	908
852	771	969
836	822	43
836	822	86
836	822	135
836	822	190
837	823	248
837	823	307
838	823	366
839	824	426
840	824	486
842	825	546
843	826	606
845	826	666
847	827	727
850	828	787
852	830	848
855	831	908
858	832	969
842	885	51
842	885	91
842	885	139
843	885	193
843	885	250
844	885	308
845	886	367
846	886	427
847	887	486
848	887	547
850	888	607
852	889	667
854	890	727
856	891	788
858	892	848
861	893	909
864	894	969
849	947	59
849	947	96
849	948	142
850	948	195
850	948	251
851	948	309
851	948	368
852	949	428
854	949	487
855	950	547
857	950	607
858	951	668
860	952	728
863	953	788
865	954	849
868	955	909
871	956	970
856	1010	67
857	1010	101
857	1010	146
857	1010	198
858	1011	253
858	1011	311
859	1011	370
860	1011	429
861	1012	488
862	1012	548
864	1013	608
866	1014	668
868	1014	728
870	1015	789
872	1016	849
875	1017	910
878	1018	970
865	95	0
861	91	53
861	92	116
862	94	177
862	97	238
863	100	299
864	104	360
865	109	421
866	115	481
867	121	542
869	128	603
870	135	664
872	143	724
874	151	785
877	160	846
880	169	907
882	178	967
865	126	0
861	122	54
862	123	116
862	124	177
862	126	238
863	129	299
864	132	360
865	136	421
866	141	481
867	146	542
869	152	603
871	158	664
873	165	724
875	172	785
877	179	846
880	187	907
883	196	967
865	167	0
862	164	54
862	165	116
862	166	177
863	167	238
864	169	299
864	172	360
865	175	421
866	178	481
868	183	542
869	187	603
871	192	664
873	198	724
875	204	785
878	210	846
880	217	907
883	224	967
865	217	0
863	215	55
863	216	117
863	217	178
864	218	239
864	219	299
865	221	360
866	224	421
867	226	482
869	229	542
870	233	603
872	237	664
874	241	724
876	246	785
878	251	846
881	257	907
884	263	967
865	272	0
864	271	56
864	272	117
864	272	178
865	273	239
865	274	300
866	276	360
867	278	421
868	280	482
870	282	542
871	285	603
873	288	664
875	292	725
877	296	785
880	300	846
882	304	907
885	309	967
865	330	2
865	330	58
866	330	118
866	331	179
866	331	239
867	332	300
868	333	361
869	335	421
870	337	482
871	339	543
873	341	603
875	343	664
876	346	725
879	349	785
881	353	846
884	357	907
887	361	967
867	390	4
867	390	60
868	390	119
868	390	180
868	391	240
869	392	300
870	393	361
871	394	422
872	395	482
873	397	543
875	399	603
876	401	664
878	403	725
881	406	786
883	409	846
886	412	907
888	415	968
870	450	8
870	451	63
870	451	121
870	451	180
871	452	241
871	452	301
872	453	361
873	454	422
874	455	482
876	457	543
877	458	604
879	460	664
881	462	725
883	464	786
885	467	846
888	469	907
891	472	968
873	512	12
873	512	66
873	512	123
873	512	182
874	513	241
874	513	302
875	514	362
876	515	422
877	516	483
878	517	543
880	518	604
882	520	665
884	522	725
886	524	786
888	526	847
891	528	907
894	530	968
876	574	16
876	574	69
876	574	125
876	574	183
877	574	242
878	575	302
878	576	362
879	576	423
880	577	483
882	578	544
883	579	604
885	581	665
887	582	725
889	584	786
891	586	847
894	588	907
897	590	968
880	636	22
880	636	73
880	636	127
880	636	184
881	636	243
881	637	303
882	637	363
883	638	423
884	639	484
885	640	544
887	641	605
889	642	665
891	643	726
893	645	786
895	646	847
898	648	908
900	650	968
884	698	28
884	698	77
884	698	129
885	698	186
885	699	245
886	699	304
886	699	364
887	700	424
888	701	484
890	701	545
891	702	605
893	703	666
895	705	726
897	706	787
899	707	847
902	709	908
905	711	968
889	760	35
889	760	81
889	760	132
889	761	188
890	761	246
890	761	305
891	762	365
892	762	425
893	763	485
894	763	545
896	764	606
898	765	666
900	766	726
902	767	787
904	769	848
907	770	908
909	772	969
894	823	43
894	823	86
894	823	135
895	823	190
895	823	248
896	824	306
896	824	366
897	824	426
898	825	486
900	826	546
901	826	606
903	827	666
905	828	727
907	829	787
909	830	848
912	832	908
914	833	969
900	885	51
900	885	91
900	886	138
901	886	192
901	886	249
902	886	308
902	886	367
903	887	427
904	887	486
906	888	546
907	889	607
909	889	667
911	890	727
913	891	788
915	892	848
917	893	909
920	895	969
906	948	58
906	948	96
907	948	142
907	948	195
907	948	251
908	949	309
909	949	368
910	949	428
911	950	487
912	950	547
913	951	607
915	952	668
917	952	728
919	953	788
921	954	849
924	955	909
926	957	970
913	1011	66
913	1011	101
913	1011	146
914	1011	198
914	1011	253
915	1011	311
915	1012	369
916	1012	429
917	1012	488
919	1013	548
920	1013	608
922	1014	668
924	1015	728
926	1016	789
928	1017	849
930	1017	910
933	1019	970
928	105	0
923	101	53
923	102	115
923	104	177
924	106	238
924	109	299
925	113	360
926	118	421
927	123	481
928	129	542
930	135	603
931	142	664
933	150	724
935	157	785
937	166	846
940	174	907
942	183	967
928	134	0
923	130	53
923	131	115
924	132	177
924	134	238
925	136	299
925	139	360
926	143	421
927	148	481
928	152	542
930	158	603
931	164	664
933	170	724
935	177	785
937	185	846
940	192	907
943	200	967
927	174	0
924	170	54
924	171	116
924	172	177
924	173	238
925	175	299
926	177	360
927	180	421
928	184	481
929	188	542
930	192	603
932	197	664
934	202	724
936	208	785
938	214	846
940	221	907
943	228	967
927	223	0
924	220	54
924	220	116
925	221	177
925	222	238
926	224	299
926	225	360
927	228	421
928	230	482
930	233	542
931	237	603
933	241	664
934	245	724
936	250	785
939	255	846
941	260	907
944	266	967
926	276	0
925	275	56
926	275	117
926	276	178
926	277	239
927	278	299
928	279	360
928	281	421
929	283	482
931	285	542
932	288	603
934	291	664
935	295	725
937	299	785
940	303	846
942	307	907
945	312	967
927	332	1
927	333	58
927	333	118
927	333	179
928	334	239
928	335	300
929	336	360
930	338	421
931	339	482
932	341	543
933	343	603
935	346	664
937	349	725
939	352	785
941	355	846
943	359	907
946	363	967
928	392	4
929	392	60
929	392	119
929	393	179
929	393	240
930	394	300
931	395	361
932	396	421
933	397	482
934	399	543
935	401	603
937	403	664
939	405	725
941	408	785
943	411	846
945	414	907
948	417	968
931	452	7
931	452	62
931	453	121
931	453	180
932	453	240
932	454	301
933	455	361
934	456	422
935	457	482
936	458	543
937	460	604
939	462	664
941	464	725
943	466	786
945	468	846
947	471	907
950	474	968
933	513	11
933	514	65
934	514	122
934	514	181
934	514	241
935	515	301
936	516	362
936	516	422
937	517	483
939	519	543
940	520	604
942	521	665
943	523	725
945	525	786
948	527	846
950	529	907
953	532	968
936	575	16
936	575	69
937	575	124
937	575	183
937	576	242
938	576	302
939	577	362
939	578	423
940	578	483
942	579	544
943	581	604
945	582	665
946	583	725
948	585	786
951	587	847
953	589	907
955	591	968
940	637	21
940	637	72
940	637	127
940	637	184
941	638	243
941	638	303
942	639	363
943	639	423
944	640	484
945	641	544
946	642	605
948	643	665
950	644	726
952	646	786
954	647	847
956	649	908
959	651	968
944	699	27
944	699	76
944	699	129
944	699	186
945	700	245
945	700	304
946	700	364
947	701	424
948	702	484
949	702	545
950	703	605
952	704	666
954	706	726
956	707	787
958	708	847
960	710	908
963	712	968
948	761	34
948	761	81
948	761	132
949	762	188
949	762	246
950	762	305
950	763	365
951	763	425
952	764	485
953	764	545
955	765	606
956	766	666
958	767	726
960	768	787
962	770	848
964	771	908
967	773	969
953	824	42
953	824	85
953	824	135
954	824	190
954	824	248
955	824	306
955	825	366
956	825	426
957	826	486
958	826	546
960	827	606
961	828	666
963	829	727
965	830	787
967	831	848
969	832	908
972	834	969
958	886	50
959	886	90
959	886	138
959	886	192
959	887	249
960	887	308
961	887	367
961	888	426
962	888	486
964	889	546
965	889	607
966	890	667
968	891	727
970	892	788
972	893	848
975	894	909
977	895	969
964	949	58
964	949	95
965	949	142
965	949	195
965	949	251
966	949	309
966	950	368
967	950	427
968	951	487
969	951	547
971	952	607
972	952	667
974	953	728
976	954	788
978	955	849
980	956	909
983	957	970
971	1011	66
971	1011	101
971	1011	145
971	1012	197
972	1012	253
972	1012	311
973	1012	369
974	1013	429
975	1013	488
976	1014	548
977	1014	608
979	1015	668
980	1015	728
982	1016	789
984	1017	849
986	1018	910
989	1019	970
990	116	0
985	111	52
985	112	115
985	113	177
985	116	238
986	118	299
987	122	360
987	126	420
988	131	481
989	137	542
991	143	603
992	149	664
994	156	724
996	164	785
998	172	846
1000	180	906
1002	189	967
991	143	0
985	138	52
985	138	115
985	140	177
986	142	238
986	144	299
987	147	360
988	150	420
989	155	481
990	159	542
991	164	603
992	170	664
994	176	724
996	183	785
998	190	846
1000	198	906
1003	206	967
990	181	0
985	176	53
985	177	115
986	178	177
986	179	238
987	181	299
987	183	360
988	186	421
989	189	481
990	193	542
991	197	603
993	202	664
995	207	724
996	213	785
998	219	846
1001	226	907
1003	232	967
990	228	0
986	224	54
986	225	116
986	226	177
987	227	238
987	228	299
988	230	360
989	232	421
990	235	481
991	238	542
992	241	603
994	245	664
995	249	724
997	254	785
999	259	846
1001	264	907
1004	270	967
989	280	0
987	278	55
987	279	117
987	279	178
988	280	239
988	281	299
989	283	360
990	284	421
991	287	482
992	289	542
993	292	603
995	295	664
996	298	724
998	302	785
1000	306	846
1002	310	907
1005	315	967
988	335	0
988	335	57
988	336	118
989	336	178
989	337	239
989	338	300
990	339	360
991	340	421
992	342	482
993	344	542
994	346	603
996	349	664
997	351	725
999	355	785
1001	358	846
1004	362	907
1006	366	967
990	394	3
990	394	59
990	395	119
990	395	179
991	396	240
991	396	300
992	397	361
993	398	421
994	400	482
995	401	543
996	403	603
997	405	664
999	408	725
1001	410	785
1003	413	846
1005	416	907
1008	419	968
992	454	6
992	454	62
992	455	120
992	455	180
993	455	240
993	456	301
994	457	361
995	458	422
996	459	482
997	460	543
998	462	604
999	464	664
1001	466	725
1003	468	786
1005	470	846
1007	473	907
1010	476	968
994	515	10
994	515	65
994	515	122
995	516	181
995	516	241
996	517	301
996	517	362
997	518	422
998	519	483
999	520	543
1000	522	604
1002	523	665
1003	525	725
1005	527	786
1007	529	846
1009	531	907
1012	534	968
997	576	15
997	577	68
997	577	124
997	577	183
998	577	242
998	578	302
999	578	362
1000	579	423
1001	580	483
1002	581	544
1003	582	604
1005	583	665
1006	585	725
1008	587	786
1010	588	847
1012	590	907
1015	593	968
1000	638	20
1000	638	72
1000	638	126
1001	639	184
1001	639	243
1002	639	303
1002	640	363
1003	640	423
1004	641	484
1005	642	544
1006	643	605
1008	644	665
1009	646	726
1011	647	786
1013	649	847
1015	650	908
1018	652	968
1004	700	27
1004	700	76
1004	700	129
1004	700	186
1005	701	244
1005	701	304
1006	702	364
1007	702	424
1008	703	484
1009	704	545
1010	705	605
1011	706	665
1013	707	726
1015	708	787
1017	709	847
1019	711	908
1021	713	968
1008	762	33
1008	762	80
1008	762	131
1008	763	188
1009	763	246
1009	763	305
1010	764	365
1011	764	425
1012	765	485
1013	765	545
1014	766	605
1015	767	666
1017	768	726
1019	769	787
1021	771	847
1023	772	908
1023	772	966
1012	825	41
1012	825	85
1013	825	134
1013	825	190
1013	825	247
1014	825	306
1014	826	366
1015	826	425
1016	827	485
1017	827	546
1018	828	606
1020	829	666
1021	830	727
1023	831	787
1023	830	846
1023	830	905
1023	829	963
1017	887	49
1017	887	90
1018	887	138
1018	887	192
1018	887	249
1019	888	308
1019	888	367
1020	888	426
1021	889	486
1022	890	546
1023	890	606
1023	889	666
1023	889	725
1023	888	784
1023	888	842
1023	887	901
1023	886	958
1023	949	57
1023	950	95
1023	950	141
1023	950	195
1023	949	251
1023	949	309
1023	949	367
1023	949	426
1023	948	485
1023	948	545
1023	947	604
1023	947	663
1023	946	722
1023	945	780
1023	944	838
1023	943	896
1023	942	954
1023	1007	65
1023	1007	100
1023	1006	144
1023	1006	196
1023	1006	251
1023	1006	309
1023	1006	367
1023	1005	425
1023	1005	484
1023	1004	542
1023	1003	601
1023	1003	660
1023	1002	718
1023	1001	776
1023	1000	834
1023	999	892
1023	998	949
